[{"id": 0, "img_name": "frame_0000.jpg", "width": 1057, "height": 1881, "position": [-4.64497086413154, -0.528890220001949, -2.2114542019984307], "rotation": [[0.9991009901225468, 0.0011768998701837357, -0.04237719248418841], [-0.014270182985688874, 0.9506168078599698, -0.3100387822380873], [0.039919586842818766, 0.31036478460163097, 0.9497789885365343]], "fy": 1632.3665073014622, "fx": 1629.5524498392015}, {"id": 1, "img_name": "frame_0001.jpg", "width": 1057, "height": 1881, "position": [-4.632481190504087, -0.5329416773867098, -2.2368123026579827], "rotation": [[0.9990655323778659, 0.02289787774919917, 0.03665718495894187], [-0.009917698280661235, 0.9469545370520541, -0.3212144828885261], [-0.042067817572880035, 0.3205507634542651, 0.9462967329403302]], "fy": 1632.3665073014622, "fx": 1629.5524498392015}, {"id": 2, "img_name": "frame_0002.jpg", "width": 1057, "height": 1881, "position": [-4.619683532768321, -0.5352896544701334, -2.260999353193608], "rotation": [[0.9873149197407606, 0.055951302951189184, 0.14858903376548394], [-0.003594904102868822, 0.9434888811839435, -0.33138468242627306], [-0.15873350598341568, 0.32664687780588836, 0.9317217885709651]], "fy": 1632.3665073014622, "fx": 1629.5524498392015}, {"id": 3, "img_name": "frame_0003.jpg", "width": 1057, "height": 1881, "position": [-4.603961214085954, -0.5341636358389059, -2.2812159178042974], "rotation": [[0.9532905093163527, 0.09751457811916128, 0.28588128987677863], [0.0043177381591444925, 0.9419585579757849, -0.33570140332350257], [-0.30202410828368953, 0.3212553223067626, 0.8975391110726153]], "fy": 1632.3665073014622, "fx": 1629.5524498392015}, {"id": 4, "img_name": "frame_0004.jpg", "width": 1057, "height": 1881, "position": [-4.590800886962205, -0.5362308954041872, -2.3029306171634705], "rotation": [[0.8906524661855396, 0.13871793546823047, 0.4330075274831236], [0.011234158628777241, 0.9453204004206884, -0.32594958847707256], [-0.4545459032457774, 0.2951722800804665, 0.8403935666784812]], "fy": 1632.3665073014622, "fx": 1629.5524498392015}, {"id": 5, "img_name": "frame_0005.jpg", "width": 1057, "height": 1881, "position": [-4.582797414842819, -0.5321357573886132, -2.319858320133924], "rotation": [[0.8059541360275626, 0.16580549312676485, 0.5682837927207282], [0.014005928861133506, 0.954364975766002, -0.2983141414480635], [-0.591812271397613, 0.2483868585093598, 0.7668521395569352]], "fy": 1632.3665073014622, "fx": 1629.5524498392015}, {"id": 6, "img_name": "frame_0006.jpg", "width": 1057, "height": 1881, "position": [-4.576649548246283, -0.5205541431572135, -2.3088229611914435], "rotation": [[0.7223985621784473, 0.16348466708990828, 0.6718728160812981], [0.00898202488973544, 0.9693484083490056, -0.24552593846705764], [-0.691418571193595, 0.1834023632828952, 0.6987874730923964]], "fy": 1632.3665073014622, "fx": 1629.5524498392015}, {"id": 7, "img_name": "frame_0007.jpg", "width": 1057, "height": 1881, "position": [-4.533769788555154, -0.5075708943695765, -2.28989891415527], "rotation": [[0.6645016219713388, 0.12612237009190777, 0.7365668619751095], [-0.004682370480736333, 0.9863381914537943, -0.16466647347392746], [-0.7472721524345336, 0.10597225977612434, 0.6560138796960019]], "fy": 1632.3665073014622, "fx": 1629.5524498392015}, {"id": 8, "img_name": "frame_0008.jpg", "width": 1057, "height": 1881, "position": [-4.439220820091067, -0.48963688409375594, -2.2879006720007937], "rotation": [[0.6401404093794247, 0.06257909197876194, 0.765704978125816], [-0.02482154212980424, 0.9978413060199071, -0.06079982768712861], [-0.767856853408134, 0.019914448212286207, 0.6403118516992787]], "fy": 1632.3665073014622, "fx": 1629.5524498392015}, {"id": 9, "img_name": "frame_0009.jpg", "width": 1057, "height": 1881, "position": [-4.347273587952999, -0.458033847441878, -2.275324541158524], "rotation": [[0.6431844013773672, -0.013083432470703201, 0.7655995360628312], [-0.046213436355908084, 0.9973680610673135, 0.055868318956329516], [-0.7643154742153373, -0.07131461671783902, 0.6408869489366836]], "fy": 1632.3665073014622, "fx": 1629.5524498392015}, {"id": 10, "img_name": "frame_0010.jpg", "width": 1057, "height": 1881, "position": [-4.274767021027949, -0.4008339694242342, -2.2312934743377415], "rotation": [[0.6662580931018179, -0.07774601147362803, 0.7416574081584243], [-0.06312249303995121, 0.9851014524858669, 0.15997086979402383], [-0.7430448871022199, -0.15339715124531392, 0.6514242931769368]], "fy": 1632.3665073014622, "fx": 1629.5524498392015}, {"id": 11, "img_name": "frame_0011.jpg", "width": 1057, "height": 1881, "position": [-4.227623720700676, -0.3707595784095877, -2.1945305472295065], "rotation": [[0.7173281404766126, -0.10478882470565075, 0.6888103085009497], [-0.07063301265702196, 0.9725947797155705, 0.22151833331129395], [-0.6931459560607404, -0.20755408135430378, 0.6902680543888825]], "fy": 1632.3665073014622, "fx": 1629.5524498392015}, {"id": 12, "img_name": "frame_0012.jpg", "width": 1057, "height": 1881, "position": [-4.177965462435313, -0.36599223733476416, -2.2148508061553067], "rotation": [[0.8003538684848299, -0.0913214810306889, 0.5925319166962477], [-0.0709548886747426, 0.9669562614838088, 0.24486933689298593], [-0.5953142774825095, -0.23802515724103046, 0.76742747901405]], "fy": 1632.3665073014622, "fx": 1629.5524498392015}, {"id": 13, "img_name": "frame_0013.jpg", "width": 1057, "height": 1881, "position": [-4.1598365956563965, -0.3750064340434902, -2.2542925917374066], "rotation": [[0.8886382922814898, -0.06083524414786423, 0.4545558915694609], [-0.06539545850180482, 0.9642250420548861, 0.25689200509473226], [-0.4539222615144321, -0.2580099636520322, 0.8528689460625825]], "fy": 1632.3665073014622, "fx": 1629.5524498392015}, {"id": 14, "img_name": "frame_0014.jpg", "width": 1057, "height": 1881, "position": [-4.185462333709306, -0.37805480810861203, -2.31784664698248], "rotation": [[0.947945849471833, -0.030522711629547714, 0.3169653459668805], [-0.057576901926983434, 0.9625592310369173, 0.2648860643939374], [-0.31318296063741285, -0.2693475279641492, 0.9106966247582049]], "fy": 1632.3665073014622, "fx": 1629.5524498392015}, {"id": 15, "img_name": "frame_0015.jpg", "width": 1057, "height": 1881, "position": [-4.196289529228593, -0.39062377060628123, -2.4169374781722155], "rotation": [[0.983579878714454, -0.0007197436175523674, 0.18047189298388017], [-0.04892166493887987, 0.9614874800488168, 0.27045978704603074], [-0.17371612731024164, -0.2748477900193147, 0.9456645279557813]], "fy": 1632.3665073014622, "fx": 1629.5524498392015}, {"id": 16, "img_name": "frame_0016.jpg", "width": 1057, "height": 1881, "position": [-4.190058956602779, -0.3940840833649743, -2.5159002317241015], "rotation": [[0.9984340908914983, 0.027054726233805157, 0.048963332546724914], [-0.039456077748519454, 0.9610517870021619, 0.27353734777659544], [-0.03965582018279414, -0.27504091420798693, 0.9606143406368993]], "fy": 1632.3665073014622, "fx": 1629.5524498392015}, {"id": 17, "img_name": "frame_0017.jpg", "width": 1057, "height": 1881, "position": [-4.220022422254198, -0.40010952922560333, -2.575487802828649], "rotation": [[0.995725929614255, 0.05098506679217241, -0.0770090647782802], [-0.02830512753384112, 0.96215586929616, 0.27102564995631584], [0.0879129845308452, -0.2676875158522492, 0.9594866862066045]], "fy": 1632.3665073014622, "fx": 1629.5524498392015}, {"id": 18, "img_name": "frame_0018.jpg", "width": 1057, "height": 1881, "position": [-4.276799050039304, -0.40772732504340764, -2.6209979272876707], "rotation": [[0.9765085098250115, 0.07181053771482684, -0.2031609630624025], [-0.01636277558540926, 0.9648247860763184, 0.26238405391320535], [0.21485667272504472, -0.2528959842423239, 0.9433346338069166]], "fy": 1632.3665073014622, "fx": 1629.5524498392015}, {"id": 19, "img_name": "frame_0019.jpg", "width": 1057, "height": 1881, "position": [-4.327012541470907, -0.4165596594631523, -2.669104633759858], "rotation": [[0.9415336356968977, 0.08610428804447409, -0.32573066240643633], [-0.003286977657355412, 0.96909369598117, 0.24667104448523275], [0.33690296619243587, -0.23117841592568686, 0.9127173337790997]], "fy": 1632.3665073014622, "fx": 1629.5524498392015}, {"id": 20, "img_name": "frame_0020.jpg", "width": 1057, "height": 1881, "position": [-4.366285838720303, -0.4294281167618334, -2.7144922568585375], "rotation": [[0.8968290216704202, 0.08871211730300463, -0.4333911237361637], [0.00990307038101545, 0.9754150130606782, 0.2201533136086434], [0.4422664752009873, -0.20173178366200747, 0.8739019695445476]], "fy": 1632.3665073014622, "fx": 1629.5524498392015}, {"id": 21, "img_name": "frame_0021.jpg", "width": 1057, "height": 1881, "position": [-4.388215721329675, -0.44036625075169566, -2.74497702936089], "rotation": [[0.8505306829370833, 0.07319781667142121, -0.5208067175230323], [0.023218315841712328, 0.9840757267567254, 0.17622676816447932], [0.5254126637149631, -0.16197852833866486, 0.8352870699138036]], "fy": 1632.3665073014622, "fx": 1629.5524498392015}, {"id": 22, "img_name": "frame_0022.jpg", "width": 1057, "height": 1881, "position": [-4.387227581725962, -0.4494934910236839, -2.758630544953231], "rotation": [[0.8216672244859877, 0.03698231067291322, -0.5687664555006614], [0.031243015746909183, 0.9934700032184672, 0.10973252331071723], [0.569110574644798, -0.10793359719008183, 0.8151463012398923]], "fy": 1632.3665073014622, "fx": 1629.5524498392015}, {"id": 23, "img_name": "frame_0023.jpg", "width": 1057, "height": 1881, "position": [-4.366062677227871, -0.48531441565984645, -2.7926404212820937], "rotation": [[0.8164715307772988, -0.01816982466357437, -0.5770997287314121], [0.03544540757612952, 0.9991968652926175, 0.018688163932523937], [0.5762966792477087, -0.03571388891036362, 0.816459830994129]], "fy": 1632.3665073014622, "fx": 1629.5524498392015}, {"id": 24, "img_name": "frame_0024.jpg", "width": 1057, "height": 1881, "position": [-4.324216181523887, -0.5228172229299676, -2.8353357916590873], "rotation": [[0.8362899248153198, -0.07839435423708546, -0.5426541134794218], [0.034886408264929725, 0.9953282191345114, -0.09002596688119689], [0.5471764799137108, 0.056356556125016014, 0.8351178589941471]], "fy": 1632.3665073014622, "fx": 1629.5524498392015}, {"id": 25, "img_name": "frame_0025.jpg", "width": 1057, "height": 1881, "position": [-4.2690720071052715, -0.5433252004382302, -2.876383438166388], "rotation": [[0.8821683635636582, -0.11359346208348269, -0.4570289965629157], [0.03079516042821331, 0.9823105930573154, -0.18470938487685462], [0.46992620316557987, 0.14887049452216444, 0.8700614572770756]], "fy": 1632.3665073014622, "fx": 1629.5524498392015}, {"id": 26, "img_name": "frame_0026.jpg", "width": 1057, "height": 1881, "position": [-4.24274928284685, -0.5554730207857066, -2.922656909235274], "rotation": [[0.9409810214342241, -0.1129919381098941, -0.3190415948160583], [0.03193710825744673, 0.9680653813103306, -0.2486552606011712], [0.3369491629560106, 0.2237906151532144, 0.914539787080141]], "fy": 1632.3665073014622, "fx": 1629.5524498392015}, {"id": 27, "img_name": "frame_0027.jpg", "width": 1057, "height": 1881, "position": [-4.228899646921782, -0.567273831491101, -2.9860603288483247], "rotation": [[0.9842266744114643, -0.08374408848521436, -0.15583575013689946], [0.03883041925975296, 0.9616460444206951, -0.2715309996853809], [0.17259794876261242, 0.2611968853064888, 0.9497295063275268]], "fy": 1632.3665073014622, "fx": 1629.5524498392015}, {"id": 28, "img_name": "frame_0028.jpg", "width": 1057, "height": 1881, "position": [-4.170258739048741, -0.5696654957541416, -3.0363399026410276], "rotation": [[0.9986925877814815, -0.048322712164924314, -0.016674249588925376], [0.042374764635773304, 0.9650299011099818, -0.25869222888544907], [0.02859185954761808, 0.2576474441027595, 0.9658158727805857]], "fy": 1632.3665073014622, "fx": 1629.5524498392015}, {"id": 29, "img_name": "frame_0029.jpg", "width": 1057, "height": 1881, "position": [-4.106451644206237, -0.5610008335813381, -3.0752379898127997], "rotation": [[0.9959600382832214, -0.021037315664218695, 0.08729853087267817], [0.039590491633546644, 0.9754555135763459, -0.2166082500869286], [-0.08059897713431603, 0.21918935280517465, 0.9723475883148737]], "fy": 1632.3665073014622, "fx": 1629.5524498392015}, {"id": 30, "img_name": "frame_0030.jpg", "width": 1057, "height": 1881, "position": [-4.096485799094892, -0.5449867218603528, -3.096374498399909], "rotation": [[0.9889089037697308, -0.007014590911314727, 0.14835759353432673], [0.028874729511757083, 0.988905361221248, -0.14571354275940274], [-0.14568949873128284, 0.14838120521892365, 0.9781398611125135]], "fy": 1632.3665073014622, "fx": 1629.5524498392015}, {"id": 31, "img_name": "frame_0031.jpg", "width": 1057, "height": 1881, "position": [-4.1017114210053895, -0.5250704702115253, -3.099884037569527], "rotation": [[0.9857146547479, -0.004402589191960377, 0.16836637616708133], [0.014352495786813342, 0.9982177272912393, -0.05792559698615507], [-0.16781127876253674, 0.059514587538852914, 0.984021030562946]], "fy": 1632.3665073014622, "fx": 1629.5524498392015}, {"id": 32, "img_name": "frame_0032.jpg", "width": 1057, "height": 1881, "position": [-4.04197501524387, -0.4973557413842768, -3.105652734986625], "rotation": [[0.9886485591639336, -0.006433200591004638, 0.15010876188029154], [0.001983374041072199, 0.9995546611443151, 0.029774915819971777], [-0.15023346062209766, -0.029139205802991657, 0.9882210349889742]], "fy": 1632.3665073014622, "fx": 1629.5524498392015}, {"id": 33, "img_name": "frame_0033.jpg", "width": 1057, "height": 1881, "position": [-3.9573000939549594, -0.4703086346627287, -3.123957171652026], "rotation": [[0.9947057293369646, -0.00492873428657374, 0.10264608907576485], [-0.005456540230767317, 0.994906976425295, 0.10064956248781147], [-0.10261938507381302, -0.10067678897645772, 0.9896127757706357]], "fy": 1632.3665073014622, "fx": 1629.5524498392015}, {"id": 34, "img_name": "frame_0034.jpg", "width": 1057, "height": 1881, "position": [-3.8781861447896113, -0.44984275116767325, -3.1064652597120967], "rotation": [[0.9995199633011729, 0.0033065580590125048, 0.030804376900442867], [-0.007730722474015629, 0.989455212100655, 0.1446327043820922], [-0.03000131484538484, -0.14480141546494046, 0.9890057993696992]], "fy": 1632.3665073014622, "fx": 1629.5524498392015}, {"id": 35, "img_name": "frame_0035.jpg", "width": 1057, "height": 1881, "position": [-3.8136559068465803, -0.45441934772872633, -3.065369332821653], "rotation": [[0.9982596945657184, 0.016821785255599696, -0.05652087885351076], [-0.007363640675789764, 0.9865075559340182, 0.16355005007974652], [0.058509477878003716, -0.16284922359625859, 0.9849146010556141]], "fy": 1632.3665073014622, "fx": 1629.5524498392015}, {"id": 36, "img_name": "frame_0036.jpg", "width": 1057, "height": 1881, "position": [-3.7097762011222595, -0.44738477426731244, -3.033097255987788], "rotation": [[0.9885609581714829, 0.03062133195289328, -0.14768062164180665], [-0.005663432996907043, 0.9860186356278717, 0.16653881145618854], [0.15071548528857037, -0.16379738772025976, 0.9749129490730184]], "fy": 1632.3665073014622, "fx": 1629.5524498392015}, {"id": 37, "img_name": "frame_0037.jpg", "width": 1057, "height": 1881, "position": [-3.5974881836216235, -0.44769059405014283, -3.03389655590355], "rotation": [[0.971240546247503, 0.041855098097254295, -0.2343927304506716], [-0.0035355248965467335, 0.9868547643046236, 0.1615709572694667], [0.23807415102979548, -0.1560955634620509, 0.9586213400915436]], "fy": 1632.3665073014622, "fx": 1629.5524498392015}, {"id": 38, "img_name": "frame_0038.jpg", "width": 1057, "height": 1881, "position": [-3.527069334551377, -0.45394991789491995, -3.06175517153332], "rotation": [[0.9520692817621902, 0.048438273361706974, -0.30202287396580446], [-0.0003550163341803935, 0.987556427290644, 0.15726467143113035], [0.30588225951864245, -0.1496196397224491, 0.9402393348084808]], "fy": 1632.3665073014622, "fx": 1629.5524498392015}, {"id": 39, "img_name": "frame_0039.jpg", "width": 1057, "height": 1881, "position": [-3.433112041024974, -0.4501210765752102, -3.059483388581274], "rotation": [[0.9396751585398995, 0.0495714375473204, -0.3384571893201664], [0.0036103472722156587, 0.9879514710791104, 0.1547218671849456], [0.34204906346252256, -0.14661024306682685, 0.928174485111661]], "fy": 1632.3665073014622, "fx": 1629.5524498392015}, {"id": 40, "img_name": "frame_0040.jpg", "width": 1057, "height": 1881, "position": [-3.3093134616252473, -0.438268795762097, -3.0318386779322557], "rotation": [[0.9403059751412696, 0.045469128890967596, -0.33727915949777126], [0.006600164017991917, 0.9884122051985127, 0.15165009215146857], [0.3402662353930553, -0.1448235855532858, 0.9291097987422843]], "fy": 1632.3665073014622, "fx": 1629.5524498392015}, {"id": 41, "img_name": "frame_0041.jpg", "width": 1057, "height": 1881, "position": [-3.2009684787884467, -0.43967922508531726, -3.0553047083661524], "rotation": [[0.9558143354771996, 0.03393087308525063, -0.2920062532685757], [0.010181467801836262, 0.9888996132629735, 0.1482359355950553], [0.29379464564501373, -0.14465908454021761, 0.9448589606128034]], "fy": 1632.3665073014622, "fx": 1629.5524498392015}, {"id": 42, "img_name": "frame_0042.jpg", "width": 1057, "height": 1881, "position": [-3.112166655547369, -0.451780157993196, -3.106480183007115], "rotation": [[0.9789104037970169, 0.016995266398448856, -0.20358188096686616], [0.012230542315036147, 0.9898705047556373, 0.14144538751581842], [0.20392360131343706, -0.1409522782180753, 0.9687866741922563]], "fy": 1632.3665073014622, "fx": 1629.5524498392015}, {"id": 43, "img_name": "frame_0043.jpg", "width": 1057, "height": 1881, "position": [-3.0317230924218452, -0.45703370670272975, -3.1497473408094954], "rotation": [[0.9967005745601156, -0.0009760743792751752, -0.08116040876154994], [0.011677404236917877, 0.9912494354123617, 0.1314845809399789], [0.08032187063199761, -0.13199850026981505, 0.9879902798229829]], "fy": 1632.3665073014622, "fx": 1629.5524498392015}, {"id": 44, "img_name": "frame_0044.jpg", "width": 1057, "height": 1881, "position": [-2.923719624458174, -0.46576817433456463, -3.1758704037031085], "rotation": [[0.9986682018847369, -0.010876514307121853, 0.05043336178397503], [0.005103989797354485, 0.993558646811811, 0.11320408399713972], [-0.05133976852747625, -0.11279590764744056, 0.9922909408966379]], "fy": 1632.3665073014622, "fx": 1629.5524498392015}, {"id": 45, "img_name": "frame_0045.jpg", "width": 1057, "height": 1881, "position": [-2.806549500361004, -0.4697728348380388, -3.212188119463166], "rotation": [[0.9902479740643381, -0.00711353513945708, 0.13913427859191937], [-0.0027895745918162765, 0.9974829085695633, 0.07085241975543898], [-0.13928807606924157, -0.07054959056879025, 0.9877355856379305]], "fy": 1632.3665073014622, "fx": 1629.5524498392015}, {"id": 46, "img_name": "frame_0046.jpg", "width": 1057, "height": 1881, "position": [-2.7473552498940235, -0.49334468246124435, -3.2579370319800454], "rotation": [[0.9864010789540761, 0.00640846451369395, 0.1642310659431123], [-0.005752144115228149, 0.9999734585281288, -0.004471585554387827], [-0.16425536300624047, 0.0034660960559812944, 0.9864117608290256]], "fy": 1632.3665073014622, "fx": 1629.5524498392015}, {"id": 47, "img_name": "frame_0047.jpg", "width": 1057, "height": 1881, "position": [-2.7123373562502877, -0.5171863481310877, -3.264735999720985], "rotation": [[0.9865964168129254, 0.018580929707101335, 0.16211804151024042], [-0.005467636549957264, 0.9967022407027023, -0.08096140023968278], [-0.16308775331843237, 0.07898982484745928, 0.9834444530770987]], "fy": 1632.3665073014622, "fx": 1629.5524498392015}, {"id": 48, "img_name": "frame_0048.jpg", "width": 1057, "height": 1881, "position": [-2.6546288081673244, -0.5387399913458654, -3.250360828660298], "rotation": [[0.9913981007662881, 0.024929604351848735, 0.12848470968896392], [-0.005100758350961057, 0.9883055945121381, -0.15240089934201387], [-0.13078145151833326, 0.15043459270683, 0.9799314492636144]], "fy": 1632.3665073014622, "fx": 1629.5524498392015}, {"id": 49, "img_name": "frame_0049.jpg", "width": 1057, "height": 1881, "position": [-2.5606902919448853, -0.5382960077220389, -3.2106544319054446], "rotation": [[0.9971445690958417, 0.023833824459262864, 0.07165652192447924], [-0.00827487144756142, 0.9776596083071895, -0.21003146618342508], [-0.0750615402532793, 0.20883878733673478, 0.9750651906813859]], "fy": 1632.3665073014622, "fx": 1629.5524498392015}, {"id": 50, "img_name": "frame_0050.jpg", "width": 1057, "height": 1881, "position": [-2.4238710151994782, -0.5288922224952264, -3.2076393928685936], "rotation": [[0.9999048603032127, 0.013736838524325905, 0.0012528405203146814], [-0.012990216882571461, 0.9683066659399987, -0.2494262515484441], [-0.004639461968429313, 0.24938624654042282, 0.9683929860491158]], "fy": 1632.3665073014622, "fx": 1629.5524498392015}, {"id": 51, "img_name": "frame_0051.jpg", "width": 1057, "height": 1881, "position": [-2.306969102288611, -0.517621287497115, -3.1893525106236162], "rotation": [[0.9968276696478382, -0.0035951773996479373, -0.07950894115711252], [-0.018454801681400314, 0.961312459768833, -0.274841363313632], [0.07742103925523283, 0.2754367974557154, 0.9581965107888774]], "fy": 1632.3665073014622, "fx": 1629.5524498392015}, {"id": 52, "img_name": "frame_0052.jpg", "width": 1057, "height": 1881, "position": [-2.218319388247118, -0.5216051833753113, -3.151618877449742], "rotation": [[0.9855889318595384, -0.028214537575532744, -0.16678848061353962], [-0.021840799110893146, 0.9565134991309098, -0.29086922400718274], [0.16774217385670137, 0.2903202814991434, 0.9421128898704689]], "fy": 1632.3665073014622, "fx": 1629.5524498392015}, {"id": 53, "img_name": "frame_0053.jpg", "width": 1057, "height": 1881, "position": [-2.12393016130543, -0.5242547937757415, -3.115493462777204], "rotation": [[0.9647208153841883, -0.05896031438195347, -0.2565880544617149], [-0.02223792648035947, 0.9528689510700391, -0.302566086520842], [0.26233418189462254, 0.29759778798684766, 0.9179413562940795]], "fy": 1632.3665073014622, "fx": 1629.5524498392015}, {"id": 54, "img_name": "frame_0054.jpg", "width": 1057, "height": 1881, "position": [-1.9825756167379691, -0.5118268154044036, -3.1018066200881], "rotation": [[0.9352317823234958, -0.09358546570679994, -0.34144292925825676], [-0.017896039131979718, 0.9507004158047929, -0.30959401023272487], [0.3535834344470965, 0.29565263400997344, 0.8874504351723317]], "fy": 1632.3665073014622, "fx": 1629.5524498392015}, {"id": 55, "img_name": "frame_0055.jpg", "width": 1057, "height": 1881, "position": [-1.8654943495042058, -0.5117161241715511, -3.1220911872116726], "rotation": [[0.9004610047107503, -0.12538749303138969, -0.4164708340167521], [-0.009270514033194321, 0.951792773625233, -0.30660165303590015], [0.43483794287627, 0.279943731249852, 0.8558898707012745]], "fy": 1632.3665073014622, "fx": 1629.5524498392015}, {"id": 56, "img_name": "frame_0056.jpg", "width": 1057, "height": 1881, "position": [-1.813657112948992, -0.5134435162010089, -3.164848311341914], "rotation": [[0.8658468718122972, -0.14595400873995118, -0.47854636338143625], [0.0028194459330227366, 0.9579096872503449, -0.2870558861904371], [0.500301154603395, 0.24719720549529817, 0.8298146156207575]], "fy": 1632.3665073014622, "fx": 1629.5524498392015}, {"id": 57, "img_name": "frame_0057.jpg", "width": 1057, "height": 1881, "position": [-1.7665603154693048, -0.5165426626970572, -3.2213589448936166], "rotation": [[0.8361850061918406, -0.14742082330678188, -0.5282629423644083], [0.014558452363291126, 0.968823868186672, -0.24732238858744662], [0.5482542173889201, 0.19911658215067063, 0.8122622112519443]], "fy": 1632.3665073014622, "fx": 1629.5524498392015}, {"id": 58, "img_name": "frame_0058.jpg", "width": 1057, "height": 1881, "position": [-1.697142893152026, -0.501764094129203, -3.226176812043903], "rotation": [[0.8128933607006327, -0.12822201232514657, -0.5681227857462865], [0.024608781404665454, 0.9821551651583221, -0.18645546232440194], [0.5818924230531005, 0.13758759794443332, 0.8015428004076094]], "fy": 1632.3665073014622, "fx": 1629.5524498392015}, {"id": 59, "img_name": "frame_0059.jpg", "width": 1057, "height": 1881, "position": [-1.621184654250758, -0.477718139211753, -3.2041965132640438], "rotation": [[0.7956259995303018, -0.09083721639542867, -0.5989389526395309], [0.031992639619664906, 0.9936146235241505, -0.10819635358516826], [0.6049427575246888, 0.06692219390075738, 0.7934517503175192]], "fy": 1632.3665073014622, "fx": 1629.5524498392015}, {"id": 60, "img_name": "frame_0060.jpg", "width": 1057, "height": 1881, "position": [-1.5875397612794149, -0.4519962841218335, -3.190748407023169], "rotation": [[0.7855730493410379, -0.04336870650648535, -0.6172472271666981], [0.03729192732477223, 0.9990458095005301, -0.02273285454654191], [0.6176441502235951, -0.005160020870564482, 0.7864407656519264]], "fy": 1632.3665073014622, "fx": 1629.5524498392015}, {"id": 61, "img_name": "frame_0061.jpg", "width": 1057, "height": 1881, "position": [-1.5555057168432893, -0.423203838308273, -3.192496772772154], "rotation": [[0.7878243195338753, 0.001950905144689034, -0.6158969357937273], [0.04201094080193271, 0.9974957175254692, 0.05689792941123313], [0.6144655583545124, -0.07069998223101326, 0.7857694255369139]], "fy": 1632.3665073014622, "fx": 1629.5524498392015}, {"id": 62, "img_name": "frame_0062.jpg", "width": 1057, "height": 1881, "position": [-1.4925021978413395, -0.40614494478604685, -3.217553359566076], "rotation": [[0.8066319026473592, 0.03325521063015156, -0.5901178395858284], [0.04594603794884106, 0.991866703638785, 0.11869879447380371], [0.5892655897202084, -0.12285981108025074, 0.7985433811591078]], "fy": 1632.3665073014622, "fx": 1629.5524498392015}, {"id": 63, "img_name": "frame_0063.jpg", "width": 1057, "height": 1881, "position": [-1.4175280095255725, -0.39517978635259365, -3.209246229628631], "rotation": [[0.8425538249147855, 0.04409191070590208, -0.5368043922433646], [0.04912002519214421, 0.9862003120182966, 0.15810176374771323], [0.5363676679728079, -0.15957709104165727, 0.8287610492585268]], "fy": 1632.3665073014622, "fx": 1629.5524498392015}, {"id": 64, "img_name": "frame_0064.jpg", "width": 1057, "height": 1881, "position": [-1.3002196745747543, -0.39251470946379025, -3.18135197869331], "rotation": [[0.8888618244840836, 0.0367618409366605, -0.4566981760701196], [0.051195293948340936, 0.9825650214012084, 0.1787317000321594], [0.455306159471151, -0.1822485823533081, 0.8714825043440863]], "fy": 1632.3665073014622, "fx": 1629.5524498392015}, {"id": 65, "img_name": "frame_0065.jpg", "width": 1057, "height": 1881, "position": [-1.1844334969479366, -0.392177612368065, -3.1568313513142616], "rotation": [[0.9351911782269218, 0.020376514072973664, -0.35355658364790193], [0.04949862747912356, 0.9810227718662035, 0.18746788246959484], [0.3506670016471822, -0.19281887551322557, 0.9164352324095741]], "fy": 1632.3665073014622, "fx": 1629.5524498392015}, {"id": 66, "img_name": "frame_0066.jpg", "width": 1057, "height": 1881, "position": [-1.104585248697944, -0.38565208613337915, -3.1351280921163127], "rotation": [[0.9699915458704336, 0.0013729993572327715, -0.24313476882719026], [0.04642072981857563, 0.9805436044845713, 0.19073372944373332], [0.23866611988926498, -0.19629659848598874, 0.9510552710751532]], "fy": 1632.3665073014622, "fx": 1629.5524498392015}, {"id": 67, "img_name": "frame_0067.jpg", "width": 1057, "height": 1881, "position": [-1.0173615014644641, -0.3786101253655098, -3.1072465678370875], "rotation": [[0.9898257924263678, -0.0133495482609762, -0.1416569455012388], [0.041014930474436384, 0.9800985721196338, 0.19422812465560224], [0.1362449122928641, -0.19806205716967315, 0.9706743765980572]], "fy": 1632.3665073014622, "fx": 1629.5524498392015}, {"id": 68, "img_name": "frame_0068.jpg", "width": 1057, "height": 1881, "position": [-0.9501975618507451, -0.37810878969730416, -3.0668412456838166], "rotation": [[0.9973907883968801, -0.020962335448459588, -0.06908108072110514], [0.03434522259211546, 0.9794663174876561, 0.1986608632626668], [0.06349819608577578, -0.2005151201274263, 0.9776306386842302]], "fy": 1632.3665073014622, "fx": 1629.5524498392015}, {"id": 69, "img_name": "frame_0069.jpg", "width": 1057, "height": 1881, "position": [-0.8691773813626428, -0.3715676477658636, -3.03894693796784], "rotation": [[0.9992628571395324, -0.022589484094837478, -0.0310396125888781], [0.028483628823328333, 0.9783542089536398, 0.20496761869073993], [0.02573762285824809, -0.20570064907779653, 0.9782764526137689]], "fy": 1632.3665073014622, "fx": 1629.5524498392015}, {"id": 70, "img_name": "frame_0070.jpg", "width": 1057, "height": 1881, "position": [-0.7348125870698621, -0.36863714547432613, -3.0224169664329184], "rotation": [[0.9995433579947282, -0.017086050946196706, -0.024922727613292867], [0.022016373020852468, 0.9767211752665353, 0.21338000165189935], [0.020696734226179254, -0.21383127144789155, 0.9766513362215552]], "fy": 1632.3665073014622, "fx": 1629.5524498392015}, {"id": 71, "img_name": "frame_0071.jpg", "width": 1057, "height": 1881, "position": [-0.6477860776441455, -0.36067786520240525, -2.991218574623028], "rotation": [[0.9987303043361428, -0.00727518454406055, -0.049848278711360675], [0.01808076189564711, 0.9753535281120328, 0.21990584632674798], [0.04701983889709266, -0.22052792768549806, 0.974246666846149]], "fy": 1632.3665073014622, "fx": 1629.5524498392015}, {"id": 72, "img_name": "frame_0072.jpg", "width": 1057, "height": 1881, "position": [-0.6152446232352373, -0.3440026655362901, -2.9308744748233884], "rotation": [[0.9940466290762326, 0.004019316557025924, -0.10888133135020546], [0.020229940652672567, 0.9751344785507847, 0.22068869079016884], [0.10706095797893911, -0.22157751202661305, 0.9692478307640043]], "fy": 1632.3665073014622, "fx": 1629.5524498392015}, {"id": 73, "img_name": "frame_0073.jpg", "width": 1057, "height": 1881, "position": [-0.6060495069276353, -0.33409865213879675, -2.8864104259844], "rotation": [[0.9799081508291388, 0.017377437680651434, -0.19869081659269683], [0.025623628149710677, 0.976973377840565, 0.21181701695388444], [0.1977964752442848, -0.2126524009985589, 0.9568989030877217]], "fy": 1632.3665073014622, "fx": 1629.5524498392015}, {"id": 74, "img_name": "frame_0074.jpg", "width": 1057, "height": 1881, "position": [-0.5538291821321033, -0.33530491162282605, -2.856411634379215], "rotation": [[0.950579687749365, 0.026859616471593656, -0.3093166957041257], [0.03391042483738481, 0.9813095552412847, 0.1894244965137817], [0.30862329841680425, -0.19055213930877427, 0.9319021096012078]], "fy": 1632.3665073014622, "fx": 1629.5524498392015}, {"id": 75, "img_name": "frame_0075.jpg", "width": 1057, "height": 1881, "position": [-0.49364796203902933, -0.3406053166848509, -2.8275180109068963], "rotation": [[0.9055159464704382, 0.02419634308031515, -0.42362177430968545], [0.043473488678717656, 0.9878282916367878, 0.1493496636221413], [0.42207928931641253, -0.15365481841935524, 0.8934423710047934]], "fy": 1632.3665073014622, "fx": 1629.5524498392015}, {"id": 76, "img_name": "frame_0076.jpg", "width": 1057, "height": 1881, "position": [-0.4790986033744683, -0.3591616772069228, -2.8025609232237203], "rotation": [[0.8535018805040827, 0.004969392562447103, -0.5210660659777747], [0.052114780835110674, 0.9941270356421444, 0.09484453924117311], [0.518477183292093, -0.10810523642692958, 0.8482303155762444]], "fy": 1632.3665073014622, "fx": 1629.5524498392015}, {"id": 77, "img_name": "frame_0077.jpg", "width": 1057, "height": 1881, "position": [-0.4984047645365124, -0.37682358823869655, -2.7670558418972275], "rotation": [[0.8068129149497156, -0.026727934336711907, -0.5902021160555385], [0.05825102196283682, 0.9977074644909939, 0.03444755055497039], [0.587928344877697, -0.062172605100997286, 0.8065201971831376]], "fy": 1632.3665073014622, "fx": 1629.5524498392015}, {"id": 78, "img_name": "frame_0078.jpg", "width": 1057, "height": 1881, "position": [-0.49469171272922424, -0.3985246483396071, -2.741658068195661], "rotation": [[0.7712752501056849, -0.06527984306373016, -0.6331453471865585], [0.06328064180978855, 0.9976628265166676, -0.025776829884882228], [0.6333482840795847, -0.020184813012452604, 0.7736035964091027]], "fy": 1632.3665073014622, "fx": 1629.5524498392015}, {"id": 79, "img_name": "frame_0079.jpg", "width": 1057, "height": 1881, "position": [-0.40289749773322486, -0.39809185993806195, -2.694815582189986], "rotation": [[0.7431983750207398, -0.10142288154616749, -0.6613392279801672], [0.06799105669015729, 0.9947754146799239, -0.07615176004887461], [0.6656075356970407, 0.011630711382268495, 0.7462113205895866]], "fy": 1632.3665073014622, "fx": 1629.5524498392015}, {"id": 80, "img_name": "frame_0080.jpg", "width": 1057, "height": 1881, "position": [-0.2925504841621194, -0.3973435696152163, -2.647620741135923], "rotation": [[0.7138886019054865, -0.13255761235384658, -0.6875983882154444], [0.07139473499427192, 0.9905808773666783, -0.11684313078037444], [0.6966102611105635, 0.03432207456593126, 0.7166283132230843]], "fy": 1632.3665073014622, "fx": 1629.5524498392015}, {"id": 81, "img_name": "frame_0081.jpg", "width": 1057, "height": 1881, "position": [-0.2400342988558019, -0.38881722807045105, -2.587221386494954], "rotation": [[0.6758927502486074, -0.1580536533437239, -0.7198527855235927], [0.07166443628569626, 0.9861997277570284, -0.14924578903210742], [0.7335074633111971, 0.04928630272869808, 0.6778920722578987]], "fy": 1632.3665073014622, "fx": 1629.5524498392015}, {"id": 82, "img_name": "frame_0082.jpg", "width": 1057, "height": 1881, "position": [-0.2123370018925382, -0.393530133294174, -2.5220167148473016], "rotation": [[0.6274018638900616, -0.18129828500931136, -0.757296397086345], [0.0690894090002498, 0.9816440106781936, -0.17776864139556936], [0.7756246223214376, 0.0592112164400701, 0.6284110733400665]], "fy": 1632.3665073014622, "fx": 1629.5524498392015}, {"id": 83, "img_name": "frame_0083.jpg", "width": 1057, "height": 1881, "position": [-0.16695555268427634, -0.39132634285435586, -2.453857746981693], "rotation": [[0.572925839378872, -0.20577007019218302, -0.7933565785856439], [0.06451345577816583, 0.9762903106625859, -0.20662827330718928], [0.8170642548756943, 0.06720050237502648, 0.572616884037635]], "fy": 1632.3665073014622, "fx": 1629.5524498392015}, {"id": 84, "img_name": "frame_0084.jpg", "width": 1057, "height": 1881, "position": [-0.07340358774702142, -0.388732387974803, -2.3736904913915167], "rotation": [[0.523671538334727, -0.22828848892751027, -0.820763355518102], [0.05949177829562797, 0.9708749144779487, -0.23208323669032943], [0.8498404840047126, 0.07270671399966872, 0.5220008481659834]], "fy": 1632.3665073014622, "fx": 1629.5524498392015}, {"id": 85, "img_name": "frame_0085.jpg", "width": 1057, "height": 1881, "position": [-0.028851658320084565, -0.39109047487791854, -2.32923641531534], "rotation": [[0.5128053610763785, -0.24607331588353026, -0.822483182114631], [0.061794098497861126, 0.9661361644129612, -0.25052425272665346], [0.8562780804400878, 0.07764557310945569, 0.5106456833601382]], "fy": 1632.3665073014622, "fx": 1629.5524498392015}, {"id": 86, "img_name": "frame_0086.jpg", "width": 1057, "height": 1881, "position": [-0.00657348111703663, -0.3846589319476603, -2.2946079379202464], "rotation": [[0.5540297483266627, -0.25743193740007025, -0.791694281636252], [0.07156384711105587, 0.9621947918690771, -0.2627923101741918], [0.8294152480849143, 0.0889380689382758, 0.5515073581900519]], "fy": 1632.3665073014622, "fx": 1629.5524498392015}, {"id": 87, "img_name": "frame_0087.jpg", "width": 1057, "height": 1881, "position": [0.07672392616722963, -0.37967364381536756, -2.244286341073423], "rotation": [[0.6159358615106143, -0.25731961857469116, -0.7445868843874118], [0.07597114439057422, 0.9601476773000563, -0.2689699295372875], [0.7841246072692553, 0.10910110756487455, 0.6109382526924908]], "fy": 1632.3665073014622, "fx": 1629.5524498392015}, {"id": 88, "img_name": "frame_0088.jpg", "width": 1057, "height": 1881, "position": [0.16413263452566912, -0.37782260702933124, -2.190793710362488], "rotation": [[0.6727057490484006, -0.2502086550028423, -0.6963207624068802], [0.07979226030534524, 0.9601319380947586, -0.2679176303376965], [0.7355951130836815, 0.12466872266960642, 0.6658509887319642]], "fy": 1632.3665073014622, "fx": 1629.5524498392015}, {"id": 89, "img_name": "frame_0089.jpg", "width": 1057, "height": 1881, "position": [0.18489805358116737, -0.3751871090311403, -2.1412349848796173], "rotation": [[0.7147964152455315, -0.23216478374247562, -0.6596708254439838], [0.07752669749938303, 0.9637785248518069, -0.25518731592560434], [0.6950220830498673, 0.13126487810638687, 0.7069044036139106]], "fy": 1632.3665073014622, "fx": 1629.5524498392015}, {"id": 90, "img_name": "frame_0090.jpg", "width": 1057, "height": 1881, "position": [0.15512867818085738, -0.37154594681397757, -2.0925531842682252], "rotation": [[0.7340380808738339, -0.2019373456721013, -0.6483898551411527], [0.06887801859559405, 0.9719809839912685, -0.22474159675883407], [0.6756063309216424, 0.12030908187776872, 0.7273801003851593]], "fy": 1632.3665073014622, "fx": 1629.5524498392015}, {"id": 91, "img_name": "frame_0091.jpg", "width": 1057, "height": 1881, "position": [0.1456950945992269, -0.3598567140519043, -2.024241017708871], "rotation": [[0.7311653806220855, -0.16132995744071643, -0.6628497801251333], [0.05828180676955378, 0.9828549164524713, -0.17492696820353967], [0.6797061256009373, 0.08926846048511426, 0.7280320904899593]], "fy": 1632.3665073014622, "fx": 1629.5524498392015}, {"id": 92, "img_name": "frame_0092.jpg", "width": 1057, "height": 1881, "position": [0.17494995627408005, -0.3388139245629168, -1.9429138356230835], "rotation": [[0.7101417467342284, -0.11122864632637762, -0.695217151530125], [0.04744117003120738, 0.9927573562433939, -0.11037285450099257], [0.7024585645654335, 0.04539845659302535, 0.7102752601686491]], "fy": 1632.3665073014622, "fx": 1629.5524498392015}, {"id": 93, "img_name": "frame_0093.jpg", "width": 1057, "height": 1881, "position": [0.17600049377170848, -0.3108554099536615, -1.8887724328861115], "rotation": [[0.6723181715281218, -0.05752349187573534, -0.7380239319395444], [0.0395090211630665, 0.998343610322204, -0.04182191979767838], [0.7392072195804228, -0.0010409664976781423, 0.6734772475064998]], "fy": 1632.3665073014622, "fx": 1629.5524498392015}, {"id": 94, "img_name": "frame_0094.jpg", "width": 1057, "height": 1881, "position": [0.13093107159704614, -0.28484129221928517, -1.8196035296287718], "rotation": [[0.6193159679459924, -0.005305467820056123, -0.785123928980851], [0.034715787545543136, 0.9991842286842146, 0.020632286441977572], [0.7843739834684796, -0.04003409996417366, 0.618994931237605]], "fy": 1632.3665073014622, "fx": 1629.5524498392015}, {"id": 95, "img_name": "frame_0095.jpg", "width": 1057, "height": 1881, "position": [0.08627460430070176, -0.27411996100574243, -1.7640176833988963], "rotation": [[0.5567629767240715, 0.03892467225747161, -0.829758915371808], [0.032603507473841824, 0.9971077820461153, 0.06865189206044965], [0.8300313241376821, -0.0652758827801272, 0.5538836160038685]], "fy": 1632.3665073014622, "fx": 1629.5524498392015}, {"id": 96, "img_name": "frame_0096.jpg", "width": 1057, "height": 1881, "position": [0.08287120193903423, -0.2505786162619198, -1.6721463559181655], "rotation": [[0.4942787719361717, 0.07207367847449135, -0.8663104988884907], [0.03301127775230208, 0.9942820506602164, 0.10155520309701159], [0.8686764363987493, -0.07879459756906272, 0.4890732667397587]], "fy": 1632.3665073014622, "fx": 1629.5524498392015}, {"id": 97, "img_name": "frame_0097.jpg", "width": 1057, "height": 1881, "position": [0.1073227092036345, -0.22086079923151342, -1.5703310449540107], "rotation": [[0.4422274959878993, 0.09239015990310093, -0.8921316607683822], [0.036594246680060505, 0.9919934018605475, 0.12087163345904356], [0.8961560706161575, -0.086099