[{"id": 0, "img_name": "frame_0010.jpg", "width": 1877, "height": 1055, "position": [2.4080326609447646, 0.024130805060458574, -0.9136181063634261], "rotation": [[-0.9461948463345426, 0.029794349846842788, -0.32222291893525307], [0.00411224044774147, 0.996779012050185, 0.08009176371361033], [0.32357132482414236, 0.07445735593922717, -0.9432696856668764]], "fy": 1415.8357660622733, "fx": 1415.8357660622735}, {"id": 1, "img_name": "frame_0011.jpg", "width": 1898, "height": 1067, "position": [2.436903502243629, 0.023200623335020466, -0.5982484395871832], "rotation": [[-0.9406385648725428, 0.02896647917821126, -0.33817160341835584], [0.004581769913680127, 0.9973444735808012, 0.07268430643744556], [0.33937898824025864, 0.06682023721787171, -0.9382733920554106]], "fy": 1503.899968106995, "fx": 1503.8999681069947}, {"id": 2, "img_name": "frame_0012.jpg", "width": 1899, "height": 1068, "position": [2.1574159483422446, 0.017619340657568396, -0.5231190904363074], "rotation": [[-0.9434742132187262, 0.02832019532256556, -0.3302338194797698], [0.004309287455786033, 0.9973068362632552, 0.07321546547144424], [0.331417922015284, 0.06765383122535318, -0.9410553225435805]], "fy": 1495.6027963538527, "fx": 1495.6027963538531}, {"id": 3, "img_name": "frame_0013.jpg", "width": 1900, "height": 1068, "position": [1.8964350447430944, 0.017394778062371927, -0.4432486469166037], "rotation": [[-0.9460310815580437, 0.027288756032355102, -0.3229249394523816], [0.003288794508141122, 0.9972055664263615, 0.07463405468660159], [0.32405921766985885, 0.06954410170881509, -0.9434772076530057]], "fy": 1492.6885339811506, "fx": 1492.6885339811506}, {"id": 4, "img_name": "frame_0014.jpg", "width": 1899, "height": 1068, "position": [1.6306070526924392, 0.012705550774092855, -0.35824688968860263], "rotation": [[-0.9470098710445829, 0.025735586449482838, -0.32017180346530083], [0.0025138830207253084, 0.9973483669092594, 0.07273180470462404], [0.32119462096411283, 0.0680728625337194, -0.9445634445870669]], "fy": 1488.961861908252, "fx": 1488.961861908252}, {"id": 5, "img_name": "frame_0015.jpg", "width": 1899, "height": 1067, "position": [1.3682356063741579, 0.009048171106346134, -0.27224482140965633], "rotation": [[-0.9492545656940247, 0.024613255115886322, -0.31354418696835745], [0.002267149099684519, 0.997442639458542, 0.07143557254573461], [0.3145006034080186, 0.0670996919708087, -0.946882781443096]], "fy": 1486.5096654737747, "fx": 1486.509665473775}, {"id": 6, "img_name": "frame_0016.jpg", "width": 1901, "height": 1069, "position": [1.1137524807321701, 0.007404155533228254, -0.1847049034334383], "rotation": [[-0.9532103491543772, 0.023994201133052444, -0.3013541248713489], [0.002430920580387617, 0.9974213577481487, 0.07172674349900211], [0.3022980663023197, 0.06763810627025581, -0.9508106886704898]], "fy": 1486.9899438270986, "fx": 1486.9899438270986}, {"id": 7, "img_name": "frame_0017.jpg", "width": 1904, "height": 1070, "position": [0.8623163538770212, 0.0025555661397486775, -0.09926275507206474], "rotation": [[-0.9601186637575568, 0.023950705940769063, -0.2785651004511193], [0.0034248720148996373, 0.9972569119294517, 0.07393863577734787], [0.2795718543703657, 0.07003581436574119, -0.9575670018072062]], "fy": 1487.2107762931907, "fx": 1487.2107762931907}, {"id": 8, "img_name": "frame_0018.jpg", "width": 1905, "height": 1071, "position": [0.6196106654352772, 0.0013862042072491964, -0.027619565073467803], "rotation": [[-0.9686218861500075, 0.02308103905513943, -0.2474649617770898], [0.004790307501840787, 0.9972273193857962, 0.07426120403452342], [0.2484928462254783, 0.0707455942568471, -0.966046772298322]], "fy": 1486.2031378032045, "fx": 1486.2031378032043}, {"id": 9, "img_name": "frame_0019.jpg", "width": 1903, "height": 1070, "position": [0.3801667741032898, -0.0008905956213821284, 0.032486194095619696], "rotation": [[-0.980330177388997, 0.023159310002664295, -0.19600099402977078], [0.008080470310933832, 0.9969685242380716, 0.07738519030224986], [0.19719900937888066, 0.07427925712311481, -0.9775454683344537]], "fy": 1484.8229066805548, "fx": 1484.8229066805548}, {"id": 10, "img_name": "frame_0020.jpg", "width": 1901, "height": 1069, "position": [0.13841089356733058, 0.00037742427052515003, 0.0789679516991079], "rotation": [[-0.9900856692558041, 0.022182498576900984, -0.13870221444220482], [0.01128198192369518, 0.9968197096622547, 0.07888715556243323], [0.14001101534578983, 0.07654020633460504, -0.9871871719162968]], "fy": 1483.6941104881123, "fx": 1483.6941104881123}, {"id": 11, "img_name": "frame_0021.jpg", "width": 1904, "height": 1070, "position": [-0.09408131579241856, -0.0011620777168164466, 0.11809387313801484], "rotation": [[-0.997815853799482, 0.020320302134116786, -0.06285385610754637], [0.015345476209775732, 0.9967847387601397, 0.07864286957363341], [0.06424981141065816, 0.07750657969526535, -0.9949194398732168]], "fy": 1485.9316371003201, "fx": 1485.9316371003197}, {"id": 12, "img_name": "frame_0022.jpg", "width": 1895, "height": 1065, "position": [-0.3089459785236517, -0.00028638225451877575, 0.13262008969725123], "rotation": [[-0.9996659353942545, 0.017922752231742594, 0.018622367324502932], [0.01934078524790405, 0.9966879770131556, 0.07898740724582526], [-0.017145017886360043, 0.07932119155599567, -0.9967016589390291]], "fy": 1483.4925960761711, "fx": 1483.4925960761711}, {"id": 13, "img_name": "frame_0023.jpg", "width": 1898, "height": 1067, "position": [-0.5086868266263468, -0.0007871188473236338, 0.13916868933948467], "rotation": [[-0.993254051071978, 0.014991559430797899, 0.11498540418217212], [0.02410373510681961, 0.9966407485833375, 0.07827022561066765], [-0.11342574656137336, 0.080513796389671, -0.9902788135711669]], "fy": 1487.9577134025028, "fx": 1487.9577134025028}, {"id": 14, "img_name": "frame_0024.jpg", "width": 1900, "height": 1068, "position": [-0.6953197836273723, 0.003279163266119577, 0.11752687940692204], "rotation": [[-0.9741846904785444, 0.010741274757190347, 0.22549681561789783], [0.02864629665881907, 0.9966747355329497, 0.07628146064450902], [-0.2239276189418282, 0.08077187980303166, -0.9712529664861399]], "fy": 1491.53035058527, "fx": 1491.5303505852705}, {"id": 15, "img_name": "frame_0025.jpg", "width": 1896, "height": 1066, "position": [-0.8862800886528179, 0.006201131828386849, 0.07249793081915507], "rotation": [[-0.9390941098098738, 0.006629046531735127, 0.3435961418038341], [0.033781489281823764, 0.996752411852308, 0.07309884026787886], [-0.34199570743256763, 0.08025387971112008, -0.9362682579736485]], "fy": 1491.9054222346208, "fx": 1491.9054222346208}, {"id": 16, "img_name": "frame_0026.jpg", "width": 1897, "height": 1066, "position": [-1.0691079654291231, 0.012812717710443152, 0.0031325103298897846], "rotation": [[-0.8892109075359229, 0.001535116801894678, 0.457494923835822], [0.03825068051833048, 0.9967425337341653, 0.0710014569222407], [-0.4558956540251559, 0.08063476211660035, -0.8863730522637601]], "fy": 1494.18099352977, "fx": 1494.1809935297701}, {"id": 17, "img_name": "frame_0027.jpg", "width": 1895, "height": 1065, "position": [-1.2374175852249942, 0.019018885375180223, -0.08517540976747028], "rotation": [[-0.8204819642047219, -0.003973530229262992, 0.5716586022026422], [0.042458273081764406, 0.9967905001652962, 0.06786747252648302], [-0.5700935374670334, 0.07995567420599829, -0.8176799182446565]], "fy": 1494.891707709085, "fx": 1494.8917077090848}, {"id": 18, "img_name": "frame_0028.jpg", "width": 1885, "height": 1060, "position": [-1.3803277989403748, 0.026392891204868884, -0.19539341457151127], "rotation": [[-0.7353183893539111, -0.009133787320125722, 0.6776602690191902], [0.046787708447515286, 0.9968393568882669, 0.064204414932438], [-0.6761048562288255, 0.07891685807086514, -0.7325669613735134]], "fy": 1491.1971018009135, "fx": 1491.1971018009135}, {"id": 19, "img_name": "frame_0029.jpg", "width": 1879, "height": 1056, "position": [-1.5079027224610915, 0.0345314182829375, -0.3120115251112533], "rotation": [[-0.6441671440028696, -0.012452362804999671, 0.764783387141587], [0.05127559972591717, 0.9969152354447133, 0.05942075572524751], [-0.7631641392648986, 0.07749162534612804, -0.6415415376585382]], "fy": 1492.1043704002736, "fx": 1492.1043704002736}, {"id": 20, "img_name": "frame_0030.jpg", "width": 1874, "height": 1053, "position": [-1.620517399404034, 0.03991558159837202, -0.43748534851717097], "rotation": [[-0.563593478449068, -0.013888985790656358, 0.825935522376527], [0.056008337217796376, 0.9969152325243602, 0.05498259109025651], [-0.8241513557665106, 0.07724710502412176, -0.5610770246174894]], "fy": 1495.2676468435693, "fx": 1495.2676468435693}, {"id": 21, "img_name": "frame_0031.jpg", "width": 1875, "height": 1054, "position": [-1.707536252690602, 0.046032904818663435, -0.5633338447321705], "rotation": [[-0.46216550254639605, -0.015063388171689208, 0.8866657445694097], [0.06101440224232803, 0.9969461618193546, 0.04874005696209806], [-0.8846922012627035, 0.07662535331367927, -0.45983504026390287]], "fy": 1503.679431618433, "fx": 1503.679431618433}, {"id": 22, "img_name": "frame_0032.jpg", "width": 1852, "height": 1041, "position": [-1.7904928590935467, 0.056624057008664117, -0.786583771639966], "rotation": [[-0.37572703280488223, -0.016522180502165303, 0.9265830855196379], [0.06555905682454595, 0.9968622050505647, 0.04435937567191234], [-0.9244085714054768, 0.07741292975452979, -0.37346489984857395]], "fy": 1501.7065467584198, "fx": 1501.7065467584198}, {"id": 23, "img_name": "frame_0033.jpg", "width": 1933, "height": 1081, "position": [-1.7290516662659623, 0.051402873675592695, -0.5425663482803271], "rotation": [[-0.41304891476419164, -0.012089736603648886, 0.9106285918424577], [0.06645154709984931, 0.9968463882481834, 0.04337591641208552], [-0.9082812262180474, 0.07842905396220276, -0.4109429371511742]], "fy": 1530.9723833221476, "fx": 1530.9723833221476}, {"id": 24, "img_name": "frame_0034.jpg", "width": 1939, "height": 1082, "position": [-1.8113625774355226, 0.06567116679605223, -0.7509105213684187], "rotation": [[-0.3887555909503133, -0.012017306110474238, 0.9212625439356142], [0.0670101170745127, 0.9968979526752828, 0.04128094186776545], [-0.9189008296407901, 0.0777821078762776, -0.3867443716200538]], "fy": 1526.9987517977718, "fx": 1526.9987517977715}, {"id": 25, "img_name": "frame_0035.jpg", "width": 1886, "height": 1060, "position": [-1.9399344263495286, 0.12583792811679945, -1.5594411560665506], "rotation": [[-0.30257220950924113, -0.012138010491007113, 0.9530491733032541], [0.0671294785114058, 0.9971643882111095, 0.034011997858845046], [-0.950759533818874, 0.07426877934154819, -0.3008994138705389]], "fy": 1497.6187309496447, "fx": 1497.6187309496447}, {"id": 26, "img_name": "frame_0036.jpg", "width": 1869, "height": 1051, "position": [-2.006790282234342, 0.14070910738135978, -1.8412796888581948], "rotation": [[-0.2934718694195589, -0.013393522389552307, 0.9558738804975214], [0.0670627158846546, 0.997149988452794, 0.034561433227897814], [-0.953612528230184, 0.07424630688857801, -0.2917372652162278]], "fy": 1472.6855480048973, "fx": 1472.6855480048969}, {"id": 27, "img_name": "frame_0037.jpg", "width": 1887, "height": 1061, "position": [-2.105670995604987, 0.15523038807854217, -2.117999310540666], "rotation": [[-0.27784800067100257, -0.01363769320684529, 0.960528241046104], [0.06654725179547108, 0.997223812510882, 0.033408547405286745], [-0.958317250080367, 0.07320301281543737, -0.27616909152391794]], "fy": 1484.1506312520082, "fx": 1484.1506312520082}, {"id": 28, "img_name": "frame_0038.jpg", "width": 1882, "height": 1058, "position": [-2.174948546330236, 0.17070485404824515, -2.3921782894662047], "rotation": [[-0.25533661443970107, -0.015248014862447545, 0.9667319749388792], [0.06605934276230893, 0.9972639683584955, 0.03317741170853618], [-0.9645928553334214, 0.07233308687330099, -0.2536307315431161]], "fy": 1482.2312789378577, "fx": 1482.2312789378577}, {"id": 29, "img_name": "frame_0039.jpg", "width": 1873, "height": 1053, "position": [-2.239453329515179, 0.18298570473829565, -2.6732732908214394], "rotation": [[-0.22157867737028025, -0.013640628116909317, 0.9750470875806017], [0.06468252748025465, 0.9974944287404853, 0.028653713030930887], [-0.9729948922649096, 0.06941756187211576, -0.22014118590152007]], "fy": 1469.2886636591504, "fx": 1469.2886636591506}, {"id": 30, "img_name": "frame_0040.jpg", "width": 1869, "height": 1051, "position": [-2.304049126326231, 0.19882846095354575, -2.9432504406677578], "rotation": [[-0.15818546680915307, -0.013734016979672883, 0.9873138988528282], [0.06560112166424925, 0.997547880558418, 0.024386857727076702], [-0.9852278167646114, 0.06862654567301467, -0.1568966102317922]], "fy": 1464.515589427737, "fx": 1464.515589427737}, {"id": 31, "img_name": "frame_0041.jpg", "width": 1905, "height": 1071, "position": [-2.4539696399304187, 0.19966252264535078, -2.8471404262839206], "rotation": [[-0.13520358557608536, -0.012857731404883164, 0.9907344090070204], [0.06909277901531438, 0.9973593393090932, 0.022372665931215893], [-0.9884058773273815, 0.07147745823718647, -0.1339581823877891]], "fy": 1520.8033334312668, "fx": 1520.8033334312665}, {"id": 32, "img_name": "frame_0042.jpg", "width": 1922, "height": 1079, "position": [-2.3936177294745598, 0.2277899930731532, -3.4100237861555653], "rotation": [[0.009440355470372995, -0.01612484848295839, 0.9998254192357755], [0.06756512456868449, 0.9975952198619934, 0.015450930409508673], [-0.997670202837897, 0.06740746672218863, 0.010507130887444422]], "fy": 1480.6799799508344, "fx": 1480.6799799508344}, {"id": 33, "img_name": "frame_0043.jpg", "width": 1909, "height": 1073, "position": [-2.4259619427822257, 0.23576427540839978, -3.5443090343075694], "rotation": [[0.14199222574110532, -0.015195218240412993, 0.9897511369893509], [0.06794701628767379, 0.9976733880878381, 0.005568992632086599], [-0.9875329922623796, 0.0664598829667933, 0.14269433467853782]], "fy": 1496.303918871144, "fx": 1496.3039188711443}, {"id": 34, "img_name": "frame_0044.jpg", "width": 1890, "height": 1062, "position": [-2.3997769625701446, 0.2470724619186187, -3.719567842814684], "rotation": [[0.2953216353614944, -0.01529604600673193, 0.9552754381140406], [0.0669287389750511, 0.9977466184463121, -0.004714793543598878], [-0.9530507203641481, 0.06532776098649964, 0.29567990810650085]], "fy": 1495.818356112573, "fx": 1495.818356112573}, {"id": 35, "img_name": "frame_0045.jpg", "width": 1876, "height": 1055, "position": [-2.314000462165449, 0.2568198454118498, -3.912275466963904], "rotation": [[0.4442666082891106, -0.01669998840036366, 0.8957389637314643], [0.06512612165485542, 0.9977830103881631, -0.013698629819505013], [-0.8935243527948675, 0.06442184853108904, 0.4443692793098444]], "fy": 1482.5029437546812, "fx": 1482.5029437546812}, {"id": 36, "img_name": "frame_0046.jpg", "width": 1888, "height": 1062, "position": [-2.237894162473375, 0.2673736134082879, -4.088588041765919], "rotation": [[0.578623885466541, -0.017079323284607033, 0.8154156583508457], [0.06173700196038498, 0.997829507616497, -0.02290886987092116], [-0.8132545368803956, 0.06359693739449455, 0.5784224129453268]], "fy": 1493.738221177934, "fx": 1493.7382211779343}, {"id": 37, "img_name": "frame_0047.jpg", "width": 1891, "height": 1063, "position": [-2.12894539188617, 0.27521290126444503, -4.2455021305203475], "rotation": [[0.697573247972103, -0.016421400908475346, 0.7163252761880274], [0.055972838637312124, 0.997931136262652, -0.03163050129880032], [-0.7143238796572128, 0.06215935062189048, 0.6970492163984784]], "fy": 1497.1323996111378, "fx": 1497.1323996111378}, {"id": 38, "img_name": "frame_0048.jpg", "width": 1887, "height": 1061, "position": [-2.020454176046192, 0.2815523540890461, -4.375814261668074], "rotation": [[0.8099462679528753, -0.014899362834844783, 0.5863148062400649], [0.047449525362627726, 0.9980649838542307, -0.040184954235576546], [-0.5845815474098293, 0.06036801298013443, 0.8090859765419001]], "fy": 1505.2422339451953, "fx": 1505.2422339451953}, {"id": 39, "img_name": "frame_0049.jpg", "width": 1892, "height": 1064, "position": [-1.9122757348661559, 0.28574753139158987, -4.449737711549089], "rotation": [[0.9013191715303114, -0.012722363181655727, 0.43296869691351475], [0.03624180676172668, 0.9982786344892127, -0.04611181372488464], [-0.4316367482902244, 0.057253029591689285, 0.9002287532222099]], "fy": 1505.7225181864137, "fx": 1505.7225181864135}, {"id": 40, "img_name": "frame_0050.jpg", "width": 1894, "height": 1065, "position": [-1.7954273444951658, 0.2880127370146206, -4.496049036173526], "rotation": [[0.9673005662639148, -0.011438060336432111, 0.25337479211880914], [0.02479891676925419, 0.9984612122041462, -0.04960061946083449], [-0.2524175672028023, 0.054262127672687586, 0.9660957474639104]], "fy": 1508.1159233903288, "fx": 1508.1159233903288}, {"id": 41, "img_name": "frame_0051.jpg", "width": 1901, "height": 1069, "position": [-1.6892864669540657, 0.2895441039949048, -4.5155007597454135], "rotation": [[0.9846796846726285, -0.008949971855058634, 0.1741430923028726], [0.017832403488820942, 0.9986144769709181, -0.04950890596561003], [-0.17345870972316446, 0.051855803801439504, 0.9834749878025782]], "fy": 1510.2454553149673, "fx": 1510.2454553149673}, {"id": 42, "img_name": "frame_0052.jpg", "width": 1901, "height": 1069, "position": [-1.6892247049366809, 0.28943104834343547, -4.5152427965020205], "rotation": [[0.9866150321231741, -0.008551263135404542, 0.16284242164551968], [0.016847249193248925, 0.998625458939669, -0.049632277321881385], [-0.16219416938721537, 0.05171139774096847, 0.9854029545117401]], "fy": 1509.9696474958203, "fx": 1509.9696474958205}, {"id": 43, "img_name": "frame_0053.jpg", "width": 1901, "height": 1069, "position": [-1.6892436082711315, 0.2893611448467719, -4.515335656867341], "rotation": [[0.986618042126654, -0.008539897852652622, 0.16282478034634126], [0.016834649802289256, 0.9986257193583623, -0.04963131271714887], [-0.16217716706183485, 0.05170824673743444, 0.9854059182403656]], "fy": 1509.884667571692, "fx": 1509.884667571692}, {"id": 44, "img_name": "frame_0054.jpg", "width": 1901, "height": 1069, "position": [-1.6892848698750487, 0.2894171727067811, -4.515400940891477], "rotation": [[0.9866175934953358, -0.008527172764199672, 0.16282816565361763], [0.016820993598081306, 0.9986262381593649, -0.04962550386694841], [-0.16218131328807817, 0.051700326733248946, 0.985405651412569]], "fy": 1509.9082569663444, "fx": 1509.9082569663444}, {"id": 45, "img_name": "frame_0055.jpg", "width": 1901, "height": 1069, "position": [-1.6893445443460586, 0.2894673643485121, -4.515568413564578], "rotation": [[0.9866234447930802, -0.008500707162526194, 0.16279409130055356], [0.016797554345235385, 0.9986250745481631, -0.049656848990795], [-0.1621481432291312, 0.05172715400457221, 0.9854097021979905]], "fy": 1510.174891934138, "fx": 1510.174891934138}, {"id": 46, "img_name": "frame_0056.jpg", "width": 1901, "height": 1069, "position": [-1.689273705555473, 0.28942929074657575, -4.515422348340917], "rotation": [[0.986878850887012, -0.008535356582989822, 0.16123672460060645], [0.016751454047813082, 0.9986253787744287, -0.04966630301233005], [-0.16059116557025985, 0.05171557362758138, 0.9856652459050971]], "fy": 1510.033690829353, "fx": 1510.0336908293527}, {"id": 47, "img_name": "frame_0057.jpg", "width": 1901, "height": 1068, "position": [-1.689416625733442, 0.28947796420968497, -4.515665732644315], "rotation": [[0.9870283435187717, -0.008523027960978117, 0.16031970273477325], [0.01668297188721355, 0.9986287769219913, -0.04962100716730952], [-0.159676947426985, 0.051651949601773266, 0.985817096911357]], "fy": 1509.9686116004527, "fx": 1509.9686116004532}, {"id": 48, "img_name": "frame_0058.jpg", "width": 1901, "height": 1069, "position": [-1.6892864669540517, 0.28954410399488095, -4.515500759744984], "rotation": [[0.9873159292108039, -0.00839558481931057, 0.15854579805894645], [0.016439683391134354, 0.9986391343892882, -0.04949359631520231], [-0.15791451084876815, 0.0514722587590122, 0.9861103456721462]], "fy": 1510.2310138389782, "fx": 1510.2310138389785}, {"id": 49, "img_name": "frame_0059.jpg", "width": 1902, "height": 1069, "position": [-1.6890248654618596, 0.28935140785599184, -4.514936918248446], "rotation": [[0.9876999052819585, -0.008247201457402454, 0.15614378237423013], [0.016109505430446387, 0.9986612549010693, -0.04915467215034197], [-0.15552935716705169, 0.0510654641371466, 0.9865104852112122]], "fy": 1510.1100404268645, "fx": 1510.1100404268648}, {"id": 50, "img_name": "frame_0060.jpg", "width": 1901, "height": 1069, "position": [-1.6890043675060102, 0.28928382002673686, -4.514848003995657], "rotation": [[0.9880182440042578, -0.00789025053487196, 0.15413530893743918], [0.015550413319912085, 0.998699432599128, -0.048555411354033295], [-0.15355173121890475, 0.050370500024085905, 0.9868559563416541]], "fy": 1509.8568283937425, "fx": 1509.856828393743}, {"id": 51, "img_name": "frame_0061.jpg", "width": 1899, "height": 1068, "position": [-1.6279467501066838, 0.2889477851511644, -4.5254548539029935], "rotation": [[0.9890867316028465, -0.007377829597671425, 0.14714960073892888], [0.014698782751638304, 0.9987039911771839, -0.048726623034878146], [-0.14659939683647613, 0.05035777633286343, 0.9879133115865939]], "fy": 1510.055584763841, "fx": 1510.0555847638411}, {"id": 52, "img_name": "frame_0062.jpg", "width": 1903, "height": 1070, "position": [-1.3970476398556388, 0.28895632201493215, -4.558416549493536], "rotation": [[0.9911891465702917, -0.006781981845582058, 0.13228031011266614], [0.013498299078781454, 0.9986608526069982, -0.049942941365550976], [-0.13176445515857715, 0.05128846061746531, 0.9899533434279891]], "fy": 1510.3026057331513, "fx": 1510.3026057331513}, {"id": 53, "img_name": "frame_0063.jpg", "width": 1901, "height": 1069, "position": [-1.1885618714911694, 0.29067334286346264, -4.58627979952453], "rotation": [[0.9938813046645096, -0.006172640457784026, 0.11028078140887117], [0.011704577682707742, 0.9987012930490012, -0.049585583827585274], [-0.10983148501063689, 0.050572974720021695, 0.9926627922554196]], "fy": 1508.4283019900254, "fx": 1508.4283019900256}, {"id": 54, "img_name": "frame_0064.jpg", "width": 1905, "height": 1071, "position": [-0.9104073440275949, 0.29040863171798614, -4.6081778012627375], "rotation": [[0.9963411328394282, -0.005743766133839282, 0.08527224731907104], [0.009984982376856785, 0.9987294343884524, -0.04939450387498297], [-0.08488019285545312, 0.05006521783355795, 0.9951325674622952]], "fy": 1509.00280986317, "fx": 1509.00280986317}, {"id": 55, "img_name": "frame_0065.jpg", "width": 1910, "height": 1074, "position": [-0.6098970169628672, 0.2898751290368821, -4.642697201345438], "rotation": [[0.996863839159981, -0.004664632427914638, 0.07899827453518078], [0.008495958405768528, 0.9988000056565473, -0.04823243090751581], [-0.07867849049130772, 0.04875233230106312, 0.9957072387148823]], "fy": 1516.093260420496, "fx": 1516.093260420496}, {"id": 56, "img_name": "frame_0066.jpg", "width": 1905, "height": 1071, "position": [-0.329606756068526, 0.28762410284887585, -4.665347910407428], "rotation": [[0.9984633056892942, -0.004419129720802758, 0.05524037006137293], [0.007070966386310102, 0.9988269857046058, -0.047902547558716445], [-0.05496388474598918, 0.04821953878628596, 0.9973233414760065]], "fy": 1511.0185595638688, "fx": 1511.0185595638688}, {"id": 57, "img_name": "frame_0067.jpg", "width": 1897, "height": 1066, "position": [-0.054968509044295455, 0.28657518906586693, -4.68068427556854], "rotation": [[0.9997922185010599, -0.004308822680619198, 0.019923701258444993], [0.005198926439311596, 0.9989805692137066, -0.04484187214353915], [-0.019710174748271712, 0.04493613668937137, 0.9987954007857799]], "fy": 1507.0878498572158, "fx": 1507.0878498572158}, {"id": 58, "img_name": "frame_0068.jpg", "width": 1894, "height": 1064, "position": [0.22428080340113912, 0.28607441221711494, -4.683221579120021], "rotation": [[0.999879377124584, -0.0030059858849624064, -0.015237954252893829], [0.002305438551917585, 0.9989486705246963, -0.045784698426716106], [0.0153595622996624, 0.045744045577554834, 0.9988351045794102]], "fy": 1505.0045712705132, "fx": 1505.0045712705132}, {"id": 59, "img_name": "frame_0069.jpg", "width": 1897, "height": 1067, "position": [0.4923985622000827, 0.2820696091573479, -4.681939819085172], "rotation": [[0.9978112180703556, -0.0020351224749036037, -0.06609562292213901], [-0.0008922735584475771, 0.9990209486662323, -0.044230622581173884], [0.06612092664845481, 0.04419278677039383, 0.9968324937804827]], "fy": 1509.6211214875782, "fx": 1509.6211214875782}, {"id": 60, "img_name": "frame_0070.jpg", "width": 1900, "height": 1068, "position": [0.7656094909437247, 0.27966173622398366, -4.667542536622605], "rotation": [[0.9934154309799808, -0.0008431519803001846, -0.11456470043428273], [-0.004160594413356946, 0.9990478078465467, -0.04343002522607184], [0.11449223093724033, 0.043620714480024386, 0.9924660005880636]], "fy": 1512.7937944383377, "fx": 1512.7937944383377}, {"id": 61, "img_name": "frame_0071.jpg", "width": 1907, "height": 1072, "position": [1.0117709707918396, 0.2759465332521713, -4.642234448628017], "rotation": [[0.9844368490091252, 0.0015176370596617144, -0.17573214586620195], [-0.009033906325049775, 0.9990776475126113, -0.041979075468341155], [0.175506349883687, 0.04291329652242527, 0.983542561423797]], "fy": 1517.2087929938502, "fx": 1517.2087929938502}, {"id": 62, "img_name": "frame_0072.jpg", "width": 1879, "height": 1056, "position": [1.091074161901386, 0.25813217644677566, -4.45683068271674], "rotation": [[0.9733799679785804, 0.004691752308167637, -0.22914935173003773], [-0.014152021275054529, 0.9991130713890737, -0.03965842751953713], [0.22876004509495998, 0.041845645409896354, 0.9725830472141601]], "fy": 1491.5743496817668, "fx": 1491.5743496817668}, {"id": 63, "img_name": "frame_0073.jpg", "width": 1877, "height": 1055, "position": [1.3185352012725635, 0.25423805244625247, -4.402142746383477], "rotation": [[0.9538962078733824, 0.00682728189064287, -0.30005901557321485], [-0.01886750682709544, 0.9991279567665305, -0.03724705617451212], [0.2995430549869427, 0.04119119116417313, 0.9531931829275563]], "fy": 1489.7596673509127, "fx": 1489.7596673509129}, {"id": 64, "img_name": "frame_0074.jpg", "width": 1879, "height": 1056, "position": [1.529136627204175, 0.24953440446229927, -4.333116819133789], "rotation": [[0.9253721331376773, 0.009567989612894713, -0.37893913599282997], [-0.024134483663080856, 0.9991402493579034, -0.03370888327048329], [0.37829081658235036, 0.04033876160461701, 0.9248074623410348]], "fy": 1489.2109800232986, "fx": 1489.2109800232986}, {"id": 65, "img_name": "frame_0075.jpg", "width": 1881, "height": 1057, "position": [1.7224953785666144, 0.24238997425499953, -4.257030691471924], "rotation": [[0.886676496656622, 0.012453534732203687, -0.46222256516683985], [-0.029271401594659317, 0.9991439902458845, -0.029231349681738104], [0.46146286451395385, 0.039448653059460353, 0.8862820253431583]], "fy": 1492.6157973462884, "fx": 1492.6157973462884}, {"id": 66, "img_name": "frame_0076.jpg", "width": 1878, "height": 1056, "position": [1.9125662043334297, 0.23281615549326545, -4.161484832524039], "rotation": [[0.8396691964196943, 0.012810676874959449, -0.542947075820388], [-0.0321076739069632, 0.9991440966148203, -0.026080097316508885], [0.5421482618806306, 0.039331422015480684, 0.8393618417476763]], "fy": 1493.3135612943245, "fx": 1493.3135612943245}, {"id": 67, "img_name": "frame_0077.jpg", "width": 1886, "height": 1060, "position": [2.0876691136969927, 0.2226472198421842, -4.047575757335088], "rotation": [[0.7797259551988165, 0.015432006724809199, -0.6259307373485813], [-0.03623317472015968, 0.9991330207349083, -0.02050277851502155], [0.6250716693619954, 0.03866600633092448, 0.7796090995591479]], "fy": 1496.8171093372337, "fx": 1496.8171093372341}, {"id": 68, "img_name": "frame_0078.jpg", "width": 1885, "height": 1060, "position": [2.250664091994716, 0.2146627668357241, -3.9141281793619185], "rotation": [[0.7129704307439254, 0.01612112608819168, -0.7010087547088624], [-0.03856779298024003, 0.9991238637965143, -0.01624900418356417], [0.7001326233146509, 0.038621420040862865, 0.7129675277911138]], "fy": 1498.0124925540156, "fx": 1498.0124925540156}, {"id": 69, "img_name": "frame_0079.jpg", "width": 1884, "height": 1059, "position": [2.393126137515742, 0.204309001713931, -3.7698333564394795], "rotation": [[0.6376351283809928, 0.017164259080710495, -0.7701472789439465], [-0.040216429365348694, 0.9991301198406275, -0.011029162994331137], [0.7692880356951204, 0.038005155406389955, 0.6377707474468232]], "fy": 1495.6998619544286, "fx": 1495.6998619544286}, {"id": 70, "img_name": "frame_0080.jpg", "width": 1889, "height": 1062, "position": [2.521143688381218, 0.19535595469831343, -3.6126069627599664], "rotation": [[0.5605615105183129, 0.019213308815139517, -0.8278898729238094], [-0.0408736938131932, 0.9991542440719174, -0.004487505670234818], [0.8271034603237329, 0.03635444013389755, 0.5608727311993855]], "fy": 1500.8589563189055, "fx": 1500.8589563189055}, {"id": 71, "img_name": "frame_0081.jpg", "width": 1891, "height": 1063, "position": [2.6342619976503623, 0.18468777193290126, -3.433454144072682], "rotation": [[0.486468038787144, 0.020273179000001185, -0.8734631334245445], [-0.04153137737385112, 0.9991371983613138, 5.9532642835906005e-05], [0.8727107149176183, 0.03624716628839703, 0.48689028641372645]], "fy": 1503.0342434931028, "fx": 1503.0342434931026}, {"id": 72, "img_name": "frame_0082.jpg", "width": 1896, "height": 1066, "position": [2.7336976970608906, 0.17453436272180337, -3.2451894951824283], "rotation": [[0.42316355129412614, 0.020961917571871335, -0.9058108008120976], [-0.041302616428953005, 0.9991393554059169, 0.003826533048523055], [0.9051114311134657, 0.03579310674918747, 0.4236651399123782]], "fy": 1508.1680055394081, "fx": 1508.1680055394081}, {"id": 73, "img_name": "frame_0083.jpg", "width": 1903, "height": 1070, "position": [2.8180611730428766, 0.16484465120650313, -3.044294681858337], "rotation": [[0.3603704724564636, 0.023616170886404546, -0.9325102675328404], [-0.04104088680111167, 0.999112848196565, 0.00944257269634138], [0.9319059867776811, 0.03486822394690461, 0.3610199977379438]], "fy": 1514.2268922015019, "fx": 1514.2268922015016}, {"id": 74, "img_name": "frame_0084.jpg", "width": 1900, "height": 1068, "position": [2.8906406934332676, 0.14976542090564163, -2.7965365683729613], "rotation": [[0.3158710662592297, 0.025186375405614823, -0.9484677727757463], [-0.041121967064503176, 0.9990716901035246, 0.012835180498648563], [0.9479105724302282, 0.034948598364089124, 0.316613553322315]], "fy": 1513.3073371744379, "fx": 1513.3073371744379}, {"id": 75, "img_name": "frame_0085.jpg", "width": 1894, "height": 1065, "position": [2.9572015725142036, 0.13832944326331645, -2.5386181686740494], "rotation": [[0.3039998468104222, 0.027912593312586984, -0.9522630835403659], [-0.04206945060108919, 0.998988926731344, 0.015851990230870004], [0.9517427459483796, 0.03524218215041751, 0.3048667481571488]], "fy": 1509.2414064859058, "fx": 1509.2414064859058}, {"id": 76, "img_name": "frame_0086.jpg", "width": 1889, "height": 1062, "position": [3.038394101498703, 0.12413522159672515, -2.290552186395586], "rotation": [[0.309589023140497, 0.02764915385364777, -0.950468390343461], [-0.04322039778942551, 0.9989532247809725, 0.014981719347919737], [0.9498876954492232, 0.0364414460590318, 0.31045996045108637]], "fy": 1507.8407539234092, "fx": 1507.8407539234092}, {"id": 77, "img_name": "frame_0087.jpg", "width": 1882, "height": 1058, "position": [3.1223811439095, 0.11013988658356434, -2.0435403954002935], "rotation": [[0.32749029029381443, 0.025095322961893516, -0.9445212197344808], [-0.04434360466591692, 0.9989539301620186, 0.011166473887922097], [0.943813410843746, 0.03822656379136157, 0.328260529659292]], "fy": 1506.823594445774, "fx": 1506.823594445774}, {"id": 78, "img_name": "frame_0088.jpg", "width": 1876, "height": 1055, "position": [3.1771442924500555, 0.08815831022584847, -1.7725941497832904], "rotation": [[0.34783654889582205, 0.026254771799385006, -0.9371875064308136], [-0.04477612189733269, 0.9989323878275169, 0.011365890068558785], [0.9364853624910957, 0.0380101500520266, 0.34864078122466235]], "fy": 1496.2854914603995, "fx": 1496.2854914603995}, {"id": 79, "img_name": "frame_0089.jpg", "width": 1872, "height": 1052, "position": [3.2581271485153613, 0.07035806538295893, -1.5226623194065705], "rotation": [[0.364388537114544, 0.026003968700184985, -0.9308838744072014], [-0.0447368573399895, 0.9989447399544139, 0.010393272475505389], [0.9301718161796048, 0.03785762973626941, 0.3651673482882712]], "fy": 1492.0789474529388, "fx": 1492.0789474529388}, {"id": 80, "img_name": "frame_0090.jpg", "width": 1877, "height": 1055, "position": [3.3397531056463894, 0.05248106865452983, -1.2839486350745035], "rotation": [[0.37130004807677197, 0.02594204234521356, -0.928150464492232], [-0.044149818261077896, 0.9989722378474571, 0.0102597055297732], [0.9274627042882645, 0.03716824516980876, 0.3720637763949836]], "fy": 1489.5766674013962, "fx": 1489.576667401396}, {"id": 81, "img_name": "frame_0091.jpg", "width": 1889, "height": 1062, "position": [3.430432058050326, 0.04097090592763257, -1.0483334263834672], "rotation": [[0.37242768025655476, 0.025895095422800392, -0.9276998798166168], [-0.0442755665973987, 0.9989682000041233, 0.010109875518567603], [0.9270044752757133, 0.03730924032415674, 0.3731899293995399]], "fy": 1491.1381777261138, "fx": 1491.1381777261138}, {"id": 82, "img_name": "frame_0092.jpg", "width": 1889, "height": 1062, "position": [3.5275333821700157, 0.024861803879532407, -0.8155021673721649], "rotation": [[0.36227989207788736, 0.02472152770412942, -0.9317414479693432], [-0.04479268840179294, 0.9989549603775152, 0.009088575405254365], [0.9309924247069757, 0.03844259623296886, 0.36300863892350393]], "fy": 1491.5699698868937, "fx": 1491.5699698868937}, {"id": 83, "img_name": "frame_0093.jpg", "width": 1887, "height": 1061, "position": [3.6134133045474073, 0.014765097793502747, -0.6063029177590522], "rotation": [[0.3248090294604834, 0.025190377537611566, -0.9454440963168849], [-0.04619582481410349, 0.9988746301990162, 0.010743319529974092], [0.944650750357339, 0.04018604265526847, 0.32560718945537026]], "fy": 1490.6758579310308, "fx": 1490.6758579310306}, {"id": 84, "img_name": "frame_0094.jpg", "width": 1889, "height": 1062, "position": [3.693678237351439, 0.004555686028120954, -0.4101844627340198], "rotation": [[0.2551994886920728, 0.027094718536324544, -0.9665087155317028], [-0.046847412206933906, 0.9987797720707986, 0.015629679194321615], [0.9657528363617776, 0.041289746059295904, 0.25615740459635483]], "fy": 1492.643914352691, "fx": 1492.643914352691}, {"id": 85, "img_name": "frame_0095.jpg", "width": 1885, "height": 1060, "position": [3.765312771882139, -0.012258209196843926, -0.21177278448032139], "rotation": [[0.1934032910034701, 0.028382486381895004, -0.9807087240846841], [-0.04745846594464151, 0.9986820047723486, 0.019543473439081985], [0.9799708470353639, 0.04276315950282844, 0.19449537565229483]], "fy": 1491.2846502959196, "fx": 1491.2846502959196}, {"id": 86, "img_name": "frame_0096.jpg", "width": 1892, "height": 1064, "position": [3.7706765047339204, -0.01672809323509823, -0.11808764262951232], "rotation": [[0.13134177061610391, 0.028940962760880953, -0.9909146078073021], [-0.047759180380062466, 0.9985978270252297, 0.022835072802905726], [0.9901860431155605, 0.044326070601426536, 0.13253980339575716]], "fy": 1487.5177100320075, "fx": 1487.517710032008}, {"id": 87, "img_name": "frame_0097.jpg", "width": 1904, "height": 1070, "position": [3.804114045645883, -0.020284300863431335, -0.11188977672920644], "rotation": [[-0.01461238567275332, 0.029491275026755213, -0.9994582246808755], [-0.04372113558739424, 0.9985900854719059, 0.03010487502316959], [0.998936905158629, 0.04413735259967747, -0.01330239142381326]], "fy": 1500.4371232180695, "fx": 1500.4371232180695}, {"id": 88, "img_name": "frame_0098.jpg", "width": 1899, "height": 1068, "position": [3.7609740001971037, -0.030260275506623007, 0.05413316635175887], "rotation": [[-0.056867505736799516, 0.027923560328782335, -0.9979911630720179], [-0.04192273735624014, 0.9986603561669614, 0.030331124493449397], [0.9975011633496145, 0.04356337680945167, -0.055620691447724316]], "fy": 1494.6299655358173, "fx": 1494.6299655358173}, {"id": 89, "img_name": "frame_0099.jpg", "width": 1891, "height": 1063, "position": [3.7345335723604087, -0.04095132707347691, 0.23190382254310743], "rotation": [[-0.053144104638348406, 0.028936735773362615, -0.9981675057148327], [-0.04182373675289655, 0.9986384531497426, 0.031177154050902392], [0.997710618960334, 0.043403976931519594, -0.051861504030595126]], "fy": 1490.5075120943236, "fx": 1490.5075120943236}, {"id": 90, "img_name": "frame_0100.jpg", "width": 1882, "height": 1058, "position": [3.7299020247999435, -0.050719987476082244, 0.4056891924913341], "rotation": [[-0.03597455350748027, 0.028083386047781534, -0.9989580346180859], [-0.04216369481481737, 0.9986723348611192, 0.029593756480105943], [0.9984628457481531, 0.04318438388042763, -0.03474269202821626]], "fy": 1490.0322295742526, "fx": 1490.0322295742524}, {"id": 91, "img_name": "frame_0101.jpg", "width": 1881, "height": 1058, "position": [3.7328899227335013, -0.05641671664274436, 0.5906990901295742], "rotation": [[-0.017895771129337993, 0.02834193935223629, -0.9994380800477037], [-0.043255234906131146, 0.9986403422812197, 0.02909383820783456], [0.9989037621457341, 0.04375158559643753, -0.016645501761612193]], "fy": 1492.0593207938127, "fx": 1492.059320793813}, {"id": 92, "img_name": "frame_0102.jpg", "width": 1887, "height": 1061, "position": [3.731238205729306, -0.06600440421459669, 0.7779081531094951], "rotation": [[-0.014660652737007448, 0.02908437875948682, -0.9994694413405043], [-0.04427719331970644, 0.998577473629885, 0.02970789980266835], [0.9989117055140829, 0.04468923887392524, -0.013352022910968651]], "fy": 1491.9762042662996, "fx": 1491.9762042662996}, {"id": 93, "img_name": "frame_0103.jpg", "width": 1901, "height": 1069, "position": [3.74182461300056, -0.07637295388669355, 0.9719273725923387], "rotation": [[0.0041609399460902615, 0.02945157958763277, -0.999557547637232], [-0.046312647854751976, 0.9984993167126583, 0.02922760977289383], [0.9989183276061392, 0.04617054238524987, 0.005518676327261817]], "fy": 1495.1248116769257, "fx": 1495.1248116769257}, {"id": 94, "img_name": "frame_0104.jpg", "width": 1886, "height": 1060, "position": [3.7499317785106827, -0.07984227839303092, 1.0335997798044447], "rotation": [[-0.010653038158516372, 0.02907100828969656, -0.9995205797055972], [-0.0470768923224007, 0.9984543310920372, 0.02954174898034829], [0.998834460252177, 0.047369032083980904, -0.009267999361701744]], "fy": 1487.8920227635163, "fx": 1487.8920227635163}, {"id": 95, "img_name": "frame_0105.jpg", "width": 1897, "height": 1067, "position": [3.7461374690563347, -0.0857418118297306, 1.0831370152977724], "rotation": [[-0.12119825921698398, 0.028879901137011797, -0.992208109860572], [-0.043707512441297676, 0.9984519307892415, 0.03440051248788744], [0.9916655864347447, 0.047536230535791486, -0.11974836728524328]], "fy": 1487.8938838033787, "fx": 1487.8938838033787}, {"id": 96, "img_name": "frame_0106.jpg", "width": 1897, "height": 1066, "position": [3.705900911663296, -0.09471324245928738, 1.2616952457612023], "rotation": [[-0.18197916729769986, 0.029999646653844823, -0.9828446488994486], [-0.04323603560611136, 0.9983236581659503, 0.038477509940510524], [0.9823513770004617, 0.04949641145375565, -0.1803770422157368]], "fy": 1487.681365907365, "fx": 1487.681365907365}, {"id": 97, "img_name": "frame_0107.jpg", "width": 1898, "height": 1067, "position": [3.6637031027682734, -0.10467347066059195, 1.4382434418597347], "rotation": [[-0.24274875852776073, 0.03