[{"id": 0, "img_name": "frame_0022.jpg", "width": 1917, "height": 1078, "position": [1.015336914191016, -0.08853019807061224, 2.569916882112105], "rotation": [[-0.26544267496405527, -0.008136524411371374, 0.9640923105587085], [0.05490290442838629, 0.9982141547409107, 0.023540865749090065], [-0.9625621317054053, 0.05918021836215508, -0.26452191659927393]], "fy": 1443.3433482073042, "fx": 1443.3433482073042}, {"id": 1, "img_name": "frame_0023.jpg", "width": 1917, "height": 1078, "position": [1.0029451520573225, -0.08722236239951861, 2.573177596406641], "rotation": [[-0.264974586288706, -0.007619149934405426, 0.9642252937853298], [0.054977612116917506, 0.9982227448557464, 0.022995952221667587], [-0.9626868290295918, 0.05910414712130193, -0.26408477617237347]], "fy": 1447.865208529517, "fx": 1447.865208529517}, {"id": 2, "img_name": "frame_0024.jpg", "width": 1917, "height": 1077, "position": [1.0024833139356957, -0.08730744125737416, 2.57514181054053], "rotation": [[-0.26308516790925424, -0.007840576168829971, 0.9647407526333177], [0.054994676924970454, 0.9982191773040214, 0.023109728955581853], [-0.9632039139954104, 0.059135432930038756, -0.2621854699179557]], "fy": 1447.6882893920515, "fx": 1447.6882893920515}, {"id": 3, "img_name": "frame_0025.jpg", "width": 1916, "height": 1077, "position": [1.003453755774868, -0.08722466366155261, 2.5750658042914307], "rotation": [[-0.26224811554353805, -0.007799723850679563, 0.964968958154466], [0.05511837284157827, 0.998213784997917, 0.023047872253829853], [-0.9634250831637917, 0.059231779881962286, -0.2613497759380231]], "fy": 1447.3914187311887, "fx": 1447.3914187311884}, {"id": 4, "img_name": "frame_0026.jpg", "width": 1917, "height": 1078, "position": [1.0083750373597165, -0.08757690865965165, 2.569033982977952], "rotation": [[-0.2599076973997905, -0.00794109460397647, 0.9656008118517865], [0.05519959341271036, 0.9982088513604569, 0.02306716178269033], [-0.964054455785258, 0.05929610511768916, -0.25900381888779483]], "fy": 1446.1492160707166, "fx": 1446.1492160707169}, {"id": 5, "img_name": "frame_0027.jpg", "width": 1917, "height": 1078, "position": [1.003792907743172, -0.08717940009507658, 2.5742279754596975], "rotation": [[-0.2582391691920447, -0.007782933336858705, 0.966049666137138], [0.055055402597790806, 0.9982238821654368, 0.022759255685535093], [-0.964510981865835, 0.05906358457830346, -0.2573520134698073]], "fy": 1447.4758994651106, "fx": 1447.4758994651106}, {"id": 6, "img_name": "frame_0028.jpg", "width": 1916, "height": 1077, "position": [1.001060833130993, -0.0877862843773711, 2.5758198861554593], "rotation": [[-0.25526479368491006, -0.007845052985456883, 0.96683935596802], [0.055103703431725944, 0.9982237433174487, 0.022648181944886384], [-0.9652996772884099, 0.05905771262888241, -0.25437908641619034]], "fy": 1447.8256813546284, "fx": 1447.8256813546286}, {"id": 7, "img_name": "frame_0029.jpg", "width": 1916, "height": 1077, "position": [1.0012471529263964, -0.08694760150017435, 2.575749200149575], "rotation": [[-0.2514274780487922, -0.007669034483775272, 0.9678457569220992], [0.054826857272057314, 0.9982501012384897, 0.022152902722091826], [-0.9663220162056195, 0.058633789639009976, -0.25056703635728844]], "fy": 1448.1119436129209, "fx": 1448.1119436129209}, {"id": 8, "img_name": "frame_0030.jpg", "width": 1917, "height": 1077, "position": [1.0010608334808, -0.0877862844484606, 2.5758198934088203], "rotation": [[-0.24696238442733753, -0.007755306699648908, 0.9689940329516785], [0.05462605011933293, 0.9982664303326698, 0.021911839704352506], [-0.9674841473255902, 0.058343716789929424, -0.24611061615625687]], "fy": 1448.093573591185, "fx": 1448.093573591185}, {"id": 9, "img_name": "frame_0031.jpg", "width": 1917, "height": 1078, "position": [1.0022740768521103, -0.08729360621735602, 2.575467601330351], "rotation": [[-0.24214686365929788, -0.007551298913036549, 0.9702102217069714], [0.05429884695250612, 0.9982970556785821, 0.021321909930925042], [-0.9687190158346192, 0.05784432995722343, -0.24132447420890848]], "fy": 1448.0415690210984, "fx": 1448.0415690210987}, {"id": 10, "img_name": "frame_0032.jpg", "width": 1917, "height": 1077, "position": [0.9997767308524694, -0.08703163011676698, 2.576219847297558], "rotation": [[-0.23713054638986297, -0.007279530704965306, 0.9714505197906685], [0.053672111741924725, 0.9983464673660303, 0.020582407996398627], [-0.9699940249248997, 0.057020518504160726, -0.2363477355074706]], "fy": 1448.5877429413565, "fx": 1448.5877429413567}, {"id": 11, "img_name": "frame_0033.jpg", "width": 1915, "height": 1076, "position": [0.9956471892741429, -0.08725201213148708, 2.5708498486590097], "rotation": [[-0.23130130575877075, -0.007120791906582182, 0.972856104609983], [0.053051906606661814, 0.9983930321250668, 0.019921059447560348], [-0.9714346098218269, 0.05621963826580845, -0.23055184040379278]], "fy": 1448.0565853124765, "fx": 1448.0565853124765}, {"id": 12, "img_name": "frame_0034.jpg", "width": 1915, "height": 1077, "position": [0.9792668855802525, -0.08540545650210148, 2.510453250198034], "rotation": [[-0.22042656627945303, -0.0072447252750718555, 0.9753766671568161], [0.05229318937940403, 0.9984465334487128, 0.01923388127180899], [-0.9740007963152697, 0.05524521517685486, -0.21970529119091173]], "fy": 1448.7368266195695, "fx": 1448.7368266195695}, {"id": 13, "img_name": "frame_0035.jpg", "width": 1914, "height": 1076, "position": [0.9574176066777607, -0.08086442325175208, 2.4320553188355913], "rotation": [[-0.2056303731577518, -0.00751036850910023, 0.9786009115057381], [0.05148034424850641, 0.998503001876462, 0.01848051405533448], [-0.9772747432483145, 0.05417886680756306, -0.2049359085187106]], "fy": 1449.2892153525827, "fx": 1449.2892153525827}, {"id": 14, "img_name": "frame_0036.jpg", "width": 1912, "height": 1075, "position": [0.9356395908456128, -0.07935370876446363, 2.3315476813735856], "rotation": [[-0.18747676386033887, -0.0072450984184758175, 0.9822423181483074], [0.051065664637810364, 0.99854868414921, 0.01711207991390648], [-0.9809407530057834, 0.053366974176805616, -0.1868347000951877]], "fy": 1448.9801662224922, "fx": 1448.9801662224922}, {"id": 15, "img_name": "frame_0037.jpg", "width": 1911, "height": 1074, "position": [0.9130670617087371, -0.07377519141409537, 2.214041121602503], "rotation": [[-0.1719477033841208, -0.006253585951373516, 0.9850862297097013], [0.04997114127800613, 0.9986370800333195, 0.015062118771902992], [-0.9838378282726782, 0.051815779886769484, -0.17140085359888343]], "fy": 1448.3710074674573, "fx": 1448.371007467457}, {"id": 16, "img_name": "frame_0038.jpg", "width": 1910, "height": 1074, "position": [0.8907409486581916, -0.06755266625247669, 2.0814285913588866], "rotation": [[-0.15772533055460158, -0.006936837948283721, 0.9874586575552018], [0.04862852575592889, 0.9987075261405414, 0.014783224040940719], [-0.986284941882541, 0.0503503476603582, -0.15718414648505255]], "fy": 1448.4945418178404, "fx": 1448.4945418178404}, {"id": 17, "img_name": "frame_0039.jpg", "width": 1908, "height": 1073, "position": [0.8741855155527218, -0.06359667825024733, 1.9500272775198142], "rotation": [[-0.14304176771789745, -0.007624958983525374, 0.989687280249998], [0.048031814895206866, 0.9987385581908247, 0.01463684189931224], [-0.9885504526558121, 0.04963015598819365, -0.1424950882331595]], "fy": 1447.2155018104788, "fx": 1447.2155018104788}, {"id": 18, "img_name": "frame_0040.jpg", "width": 1907, "height": 1072, "position": [0.8579943105024569, -0.05848973307033023, 1.824460116974407], "rotation": [[-0.12511784515557117, -0.007506921389648513, 0.9921134869332621], [0.04694380375328886, 0.9988066025011538, 0.013477762769648825], [-0.9910306776850045, 0.04825988946684261, -0.12461612638759446]], "fy": 1447.9725683951972, "fx": 1447.9725683951972}, {"id": 19, "img_name": "frame_0041.jpg", "width": 1905, "height": 1071, "position": [0.8430847705155986, -0.05598226326433102, 1.6922356720349103], "rotation": [[-0.11272698564771969, -0.006643216056383211, 0.9936037914517069], [0.046380517123371864, 0.9988524800161164, 0.011940301379051292], [-0.9925429332467928, 0.047429851845458865, -0.11228951338290857]], "fy": 1447.233123748804, "fx": 1447.2331237488038}, {"id": 20, "img_name": "frame_0042.jpg", "width": 1903, "height": 1070, "position": [0.829852329875031, -0.05263793852064138, 1.5627498296677897], "rotation": [[-0.1013027515534363, -0.00548724771167576, 0.9948405111575689], [0.04568295745485533, 0.9989043056627436, 0.01016147265951582], [-0.9938062285606185, 0.046476641885821735, -0.10094108099845396]], "fy": 1446.998341000986, "fx": 1446.998341000986}, {"id": 21, "img_name": "frame_0043.jpg", "width": 1903, "height": 1070, "position": [0.8158444403645422, -0.04599348783890188, 1.4304279801576256], "rotation": [[-0.09216791220774238, -0.0059228632864644, 0.9957258637043408], [0.04493927896362929, 0.9989386450668253, 0.010101712641143661], [-0.9947288762097413, 0.04567825612416687, -0.09180392013394642]], "fy": 1448.0189762166494, "fx": 1448.0189762166494}, {"id": 22, "img_name": "frame_0044.jpg", "width": 1907, "height": 1072, "position": [0.8036134791033125, -0.04232810020752364, 1.2918520303535042], "rotation": [[-0.08938815071391591, -0.006378350968583938, 0.9959764430702502], [0.04424812898353217, 0.998966762384321, 0.010368738247454275], [-0.9950134981965835, 0.04499693645470862, -0.08901356141784222]], "fy": 1450.2670507411049, "fx": 1450.2670507411044}, {"id": 23, "img_name": "frame_0045.jpg", "width": 1906, "height": 1072, "position": [0.7941621490157441, -0.039208611864917094, 1.1610822443863016], "rotation": [[-0.08616036892549736, -0.007602455370900565, 0.9962522740244841], [0.04448949221684904, 0.9989439970980845, 0.011470647060624048], [-0.9952874338144279, 0.04531107297378799, -0.0857311539468293]], "fy": 1449.4267236066814, "fx": 1449.4267236066812}, {"id": 24, "img_name": "frame_0046.jpg", "width": 1907, "height": 1072, "position": [0.7752458757318534, -0.03239961618054521, 1.038714661191129], "rotation": [[-0.07487118137191733, -0.008877947347413088, 0.9971536933947893], [0.04398492322842523, 0.9989577414322217, 0.012196612694665277], [-0.9962226822997772, 0.044772903452095815, -0.07440265040915087]], "fy": 1453.5985032986318, "fx": 1453.5985032986314}, {"id": 25, "img_name": "frame_0047.jpg", "width": 1908, "height": 1073, "position": [0.7682818396293644, -0.029467161351611024, 0.9059897840530848], "rotation": [[-0.06648762249076103, -0.010611877546367568, 0.9977308174605344], [0.04389937246704115, 0.9989440612911508, 0.013550184801019745], [-0.9968210677712052, 0.044700676349275714, -0.06595156087153106]], "fy": 1453.3393851873411, "fx": 1453.3393851873411}, {"id": 26, "img_name": "frame_0048.jpg", "width": 1910, "height": 1074, "position": [0.749702893648995, -0.02560010725401486, 0.7726077319166387], "rotation": [[-0.06288980032482094, -0.009856740166643726, 0.9979718020507351], [0.04382345664593351, 0.9989594759580275, 0.012628144806931503], [-0.9970578607396395, 0.04452875550641537, -0.06239240555022503]], "fy": 1458.1745743502443, "fx": 1458.174574350244}, {"id": 27, "img_name": "frame_0049.jpg", "width": 1912, "height": 1075, "position": [0.7364140927109206, -0.020768748050570395, 0.6390091505093987], "rotation": [[-0.05543881902887007, -0.009181452337496974, 0.9984198707345816], [0.04378346367088676, 0.9989734919523969, 0.01161768847124118], [-0.997501651955356, 0.044358351067289935, -0.0549799148501225]], "fy": 1461.102644742952, "fx": 1461.102644742952}, {"id": 28, "img_name": "frame_0050.jpg", "width": 1917, "height": 1078, "position": [0.7188481862288878, -0.017367560614786552, 0.5028226989506883], "rotation": [[-0.05128594421912205, -0.008621090884801494, 0.9986467987819863], [0.043467377927351745, 0.9989958587709927, 0.0108563904925765], [-0.9977376102872306, 0.04396533805581988, -0.050859709672427394]], "fy": 1464.9392306735865, "fx": 1464.9392306735865}, {"id": 29, "img_name": "frame_0051.jpg", "width": 1917, "height": 1078, "position": [0.7020503541033954, -0.013056428773110312, 0.3709030266036238], "rotation": [[-0.04412393760117698, -0.007396389878306897, 0.9989986844572596], [0.042851500608926375, 0.9990382659231026, 0.00928935503267623], [-0.9981066210711812, 0.0432184756571539, -0.04376455570140491]], "fy": 1467.9804884428447, "fx": 1467.9804884428447}, {"id": 30, "img_name": "frame_0052.jpg", "width": 1918, "height": 1078, "position": [0.695230154005964, -0.00908678263865697, 0.2367747880927279], "rotation": [[-0.03321143406342714, -0.007085682692463399, 0.9994232305426126], [0.04300010897985376, 0.9990388073460562, 0.008511876660898877], [-0.9985229047323707, 0.04325799946080932, -0.03287482634900583]], "fy": 1468.2416241939688, "fx": 1468.2416241939686}, {"id": 31, "img_name": "frame_0053.jpg", "width": 1918, "height": 1078, "position": [0.6863461879066238, -0.005413612319751719, 0.10464534413976291], "rotation": [[-0.018573461575247013, -0.007448351604107203, 0.9997997542425654], [0.04222826093362201, 0.9990741130721694, 0.008227427762067176], [-0.998935333494433, 0.042372616716928095, -0.018241733714906377]], "fy": 1468.7576776803494, "fx": 1468.7576776803496}, {"id": 32, "img_name": "frame_0054.jpg", "width": 1916, "height": 1077, "position": [0.6810414625138782, -0.0014700886081239573, -0.025623279457677665], "rotation": [[-0.004235653107542637, -0.007877523294115878, 0.9999600011347969], [0.041947511324659334, 0.9990873989081921, 0.008048331288571225], [-0.9991108374632014, 0.04197992341124123, -0.0039013451483019507]], "fy": 1467.6634986289575, "fx": 1467.6634986289575}, {"id": 33, "img_name": "frame_0055.jpg", "width": 1913, "height": 1075, "position": [0.6805692653150774, 0.0029222048697139084, -0.1523140273197894], "rotation": [[0.01591485740124327, -0.008752428534667069, 0.9998350425488413], [0.04164503959358296, 0.9990997718169432, 0.008083107854098024], [-0.999005709688962, 0.041509528425141363, 0.016265025630947564]], "fy": 1465.5352640982862, "fx": 1465.5352640982862}, {"id": 34, "img_name": "frame_0056.jpg", "width": 1912, "height": 1075, "position": [0.6780583795417853, 0.003930561535725003, -0.27571844473409957], "rotation": [[0.040074300914892766, -0.01055756386142827, 0.9991409251209232], [0.041413156939210674, 0.9991025019216718, 0.008896127594871022], [-0.9983381194958504, 0.041021073842206796, 0.040475556355920414]], "fy": 1463.9383469075985, "fx": 1463.9383469075985}, {"id": 35, "img_name": "frame_0057.jpg", "width": 1912, "height": 1075, "position": [0.6772998103953249, 0.00799357468029047, -0.38516960453221777], "rotation": [[0.06665839511150533, -0.010513483947047495, 0.9977204643668751], [0.04123353603971167, 0.9991192971920243, 0.007773383058706382], [-0.9969234944903345, 0.04062138148574909, 0.06703319699498894]], "fy": 1464.5424950581717, "fx": 1464.5424950581717}, {"id": 36, "img_name": "frame_0058.jpg", "width": 1913, "height": 1075, "position": [0.6777247369394994, 0.010930997762368456, -0.48292816888951295], "rotation": [[0.10082372187514844, -0.010917141420947218, 0.9948444064930142], [0.04127347878715601, 0.9991248746956378, 0.006781202933998466], [-0.9940478243304238, 0.04037698338931382, 0.10118607688970935]], "fy": 1466.4518086374926, "fx": 1466.451808637493}, {"id": 37, "img_name": "frame_0059.jpg", "width": 1909, "height": 1073, "position": [0.6842361568871638, 0.012998365081491998, -0.5881148000290685], "rotation": [[0.13713136831994444, -0.011702777533578148, 0.9904837367774898], [0.04092419995508408, 0.9991433932550299, 0.006139183403406396], [-0.9897071272253908, 0.03969287987566465, 0.1374928274727086]], "fy": 1465.2924517131103, "fx": 1465.2924517131105}, {"id": 38, "img_name": "frame_0060.jpg", "width": 1908, "height": 1073, "position": [0.6977015744034879, 0.01605659994645302, -0.6938493900027789], "rotation": [[0.17414143086526046, -0.012731261580298178, 0.9846383483466272], [0.040191995372917094, 0.9991750780333359, 0.005810933231470389], [-0.9839000790548514, 0.038562655713153614, 0.17450947258016009]], "fy": 1466.1746026035128, "fx": 1466.1746026035125}, {"id": 39, "img_name": "frame_0061.jpg", "width": 1909, "height": 1073, "position": [0.7109280304426113, 0.018848162145197994, -0.791525841174967], "rotation": [[0.21500677466202675, -0.01391695181498519, 0.9765133922797024], [0.03945054678660493, 0.9992060873623265, 0.005554217884465577], [-0.9758154237393822, 0.037329792796767604, 0.2153851094251412]], "fy": 1467.7032767226558, "fx": 1467.703276722656}, {"id": 40, "img_name": "frame_0062.jpg", "width": 1911, "height": 1075, "position": [0.7326306410630649, 0.022896769005239844, -0.893260906468338], "rotation": [[0.2569513678275394, -0.014901593027914823, 0.9663094416887308], [0.03828522719165614, 0.9992531695602169, 0.0052291971413685676], [-0.9656656957510915, 0.03565172715438095, 0.2573299795990932]], "fy": 1469.9296392952026, "fx": 1469.9296392952022}, {"id": 41, "img_name": "frame_0063.jpg", "width": 1914, "height": 1076, "position": [0.7524926060529252, 0.024924245316798686, -0.990261459483545], "rotation": [[0.3049500791769464, -0.015154345947380422, 0.9522477592564245], [0.037278964472787515, 0.9992970325116995, 0.003964797743614496], [-0.9516384439574784, 0.03428974500077594, 0.30530064750991104]], "fy": 1472.0905725663913, "fx": 1472.0905725663913}, {"id": 42, "img_name": "frame_0064.jpg", "width": 1915, "height": 1076, "position": [0.7823437239345588, 0.026234751091901137, -1.0894861039003898], "rotation": [[0.3542382541805727, -0.0157054839998985, 0.9350233136384508], [0.03586185870365273, 0.9993516347790538, 0.0031995553991066845], [-0.9344673276072413, 0.032398269039589714, 0.3545718062647101]], "fy": 1473.7099691997773, "fx": 1473.7099691997773}, {"id": 43, "img_name": "frame_0065.jpg", "width": 1918, "height": 1078, "position": [0.8141557229939751, 0.0284633588867283, -1.1877761881029003], "rotation": [[0.4058246694502578, -0.015734504322911843, 0.9138154972636988], [0.034105603022269095, 0.999416107230509, 0.0020621471099305706], [-0.9133143738648135, 0.03032935841602776, 0.4061243461182742]], "fy": 1476.554041026961, "fx": 1476.554041026961}, {"id": 44, "img_name": "frame_0066.jpg", "width": 1920, "height": 1079, "position": [0.8458712826826823, 0.03261919576328802, -1.2776565776641802], "rotation": [[0.46294639919449987, -0.015285753335319223, 0.8862544652738391], [0.03241537554890509, 0.9994744368068544, 0.0003059373212860002], [-0.8857933590295596, 0.028586638742476998, 0.46319858504159617]], "fy": 1480.285734306444, "fx": 1480.285734306444}, {"id": 45, "img_name": "frame_0067.jpg", "width": 1919, "height": 1079, "position": [0.8911059123866343, 0.034013652731655554, -1.36819056187609], "rotation": [[0.5162804257587917, -0.015464512797493018, 0.8562799605399257], [0.030234200714028565, 0.9995428263186495, -0.00017737561880179145], [-0.8558857488505722, 0.025980515754358797, 0.5165119531198026]], "fy": 1480.2493154896617, "fx": 1480.2493154896615}, {"id": 46, "img_name": "frame_0068.jpg", "width": 1920, "height": 1079, "position": [0.9320952195090897, 0.03442882430968076, -1.4596191547111075], "rotation": [[0.5715796322085457, -0.015620079294272554, 0.8203979139217653], [0.0278791074321576, 0.9996112255052471, -0.0003914239189165951], [-0.8200728500646327, 0.023095691518954853, 0.5717928904945667]], "fy": 1482.419714654593, "fx": 1482.419714654593}, {"id": 47, "img_name": "frame_0069.jpg", "width": 1917, "height": 1078, "position": [0.9868392333096263, 0.037458606927252884, -1.5329235457903365], "rotation": [[0.6312632712690414, -0.014921259439017974, 0.7754250694705855], [0.024868123121635055, 0.9996902321290768, -0.0010080863652864268], [-0.7751698257795617, 0.019919733995869365, 0.6314387899063677]], "fy": 1480.7004542880431, "fx": 1480.7004542880434}, {"id": 48, "img_name": "frame_0070.jpg", "width": 1916, "height": 1077, "position": [1.039769489532759, 0.03846706498299037, -1.6111539518641838], "rotation": [[0.6837951452872064, -0.014136313826156538, 0.7295370887851121], [0.02251519006965508, 0.9997450018463273, -0.0017313288001862988], [-0.7293265835671807, 0.01760954044532295, 0.683939060580348]], "fy": 1480.361974787584, "fx": 1480.361974787584}, {"id": 49, "img_name": "frame_0071.jpg", "width": 1916, "height": 1077, "position": [1.0989366607406283, 0.040549806562167806, -1.6785576488500604], "rotation": [[0.7305226100986176, -0.012199288771284938, 0.6827795350537226], [0.018973785524765058, 0.9998170122572088, -0.0024366911845165604], [-0.6826248688683727, 0.014734970462925472, 0.7306204001038388]], "fy": 1479.727977410988, "fx": 1479.7279774109884}, {"id": 50, "img_name": "frame_0072.jpg", "width": 1908, "height": 1072, "position": [1.154527776936236, 0.04019136343672214, -1.7285422048503687], "rotation": [[0.772523194786222, -0.011033070355483282, 0.6348906873437505], [0.016121298159809064, 0.9998675331954364, -0.0022404926500961615], [-0.6347818658901114, 0.011966094609502057, 0.7725987285239765]], "fy": 1472.9617260511661, "fx": 1472.9617260511664}, {"id": 51, "img_name": "frame_0073.jpg", "width": 1897, "height": 1066, "position": [1.1988561857323572, 0.04002334667876055, -1.7612180005792677], "rotation": [[0.8112698339720351, -0.010118254567973313, 0.5845843629549835], [0.01402979931474658, 0.9998992370351332, -0.0021634481149969704], [-0.5845035681825853, 0.0099567414878581, 0.8113300450992617]], "fy": 1466.7678866856586, "fx": 1466.7678866856586}, {"id": 52, "img_name": "frame_0074.jpg", "width": 1905, "height": 1071, "position": [1.2204571602665635, 0.04269490769755882, -1.774579740396468], "rotation": [[0.8471333194019767, -0.008005569962145277, 0.5313201012653013], [0.0112763764828592, 0.9999321775044834, -0.002912683394912159], [-0.5312607481194198, 0.008458796647477368, 0.8471661385270725]], "fy": 1465.1588142217502, "fx": 1465.1588142217497}, {"id": 53, "img_name": "frame_0075.jpg", "width": 1918, "height": 1078, "position": [1.2494613060443367, 0.04266029428189252, -1.7997029943807226], "rotation": [[0.8895478255899567, -0.006942847315301297, 0.4567892981007068], [0.009801340329402827, 0.9999444044683798, -0.0038886630252926275], [-0.4567369042631952, 0.007936299108115186, 0.8895664199150838]], "fy": 1470.7892190125465, "fx": 1470.7892190125465}, {"id": 54, "img_name": "frame_0076.jpg", "width": 1921, "height": 1079, "position": [1.2866531445585543, 0.042215771695801076, -1.8191542447739457], "rotation": [[0.9263118779436438, -0.0065622364606703325, 0.3767004669935441], [0.008435268017991694, 0.9999589015892384, -0.003322858093362911], [-0.37666317982248365, 0.006255572322196412, 0.9263291622209339]], "fy": 1472.9537671512367, "fx": 1472.9537671512367}, {"id": 55, "img_name": "frame_0077.jpg", "width": 1920, "height": 1079, "position": [1.3375892903437827, 0.04171004363965154, -1.8293505972650423], "rotation": [[0.94656116568953, -0.006292718553550581, 0.3224629611314828], [0.007313137549971705, 0.9999713513519883, -0.0019530730793624065], [-0.32244143286440957, 0.004206919120203833, 0.9465800675082178]], "fy": 1471.7349917189313, "fx": 1471.7349917189313}, {"id": 56, "img_name": "frame_0078.jpg", "width": 1913, "height": 1075, "position": [1.3899958943035111, 0.04103431025703388, -1.846283524522183], "rotation": [[0.9619669511133377, -0.0059179687855569875, 0.2731017440646665], [0.0065999915343544595, 0.9999769736699704, -0.0015786835001686623], [-0.27308611293409973, 0.003321110552274417, 0.961983859088729]], "fy": 1471.9821022454994, "fx": 1471.9821022454994}, {"id": 57, "img_name": "frame_0079.jpg", "width": 1909, "height": 1073, "position": [1.4673568429171335, 0.040243869298310336, -1.8596551097882181], "rotation": [[0.9683565307958569, -0.005949101598391017, 0.2494999748600884], [0.006412540345026839, 0.9999788937553518, -0.0010446866259107884], [-0.2494884939057032, 0.0026115577717092985, 0.9683742412800274]], "fy": 1471.6691144308788, "fx": 1471.6691144308786}, {"id": 58, "img_name": "frame_0080.jpg", "width": 1903, "height": 1070, "position": [1.5564449964485694, 0.03970866580032213, -1.8774879020890896], "rotation": [[0.9726319684823173, -0.005476428815233351, 0.23228659585444086], [0.0059727110326464146, 0.9999811360843524, -0.0014332474902057138], [-0.23227436494183587, 0.0027814030415168225, 0.972646329961712]], "fy": 1470.7386536339723, "fx": 1470.7386536339723}, {"id": 59, "img_name": "frame_0081.jpg", "width": 1904, "height": 1070, "position": [1.6415019973617548, 0.0397832384855216, -1.8953468592747995], "rotation": [[0.9755931927926558, -0.0058245626534175945, 0.21950853433643172], [0.006073677706316613, 0.9999814492263353, -0.00046004599561541516], [-0.2195017827165688, 0.0017820418330393394, 0.9756104713004845]], "fy": 1471.5088118979336, "fx": 1471.5088118979334}, {"id": 60, "img_name": "frame_0082.jpg", "width": 1905, "height": 1071, "position": [1.7389388905545335, 0.03862437823858743, -1.9157576061422688], "rotation": [[0.9752956361867887, -0.0057220068376662115, 0.22082952853447013], [0.005957192082503572, 0.9999821761581498, -0.0003990344636233584], [-0.22082330922594834, 0.0017047004900285394, 0.9753123397654417]], "fy": 1472.2861702242221, "fx": 1472.2861702242224}, {"id": 61, "img_name": "frame_0083.jpg", "width": 1907, "height": 1072, "position": [1.811593445166748, 0.040046267363846914, -1.9352136698119684], "rotation": [[0.9760602792039896, -0.0057823755935204725, 0.2174233094512303], [0.006136526814279929, 0.9999807165642953, -0.0009536971300809512], [-0.21741360214781322, 0.0022650898555598145, 0.9760769411112314]], "fy": 1473.5631286002024, "fx": 1473.5631286002022}, {"id": 62, "img_name": "frame_0084.jpg", "width": 1907, "height": 1072, "position": [1.8649289298541027, 0.039752451178460185, -1.950528692184724], "rotation": [[0.9777343497160849, -0.006487018737868951, 0.2097461798773918], [0.006805324036008185, 0.9999765267951033, -0.0007958791159025545], [-0.20973609357959733, 0.002205549069220108, 0.9777555454218982]], "fy": 1473.6819130085835, "fx": 1473.6819130085837}, {"id": 63, "img_name": "frame_0085.jpg", "width": 1907, "height": 1072, "position": [1.9270637823169365, 0.03961019193026058, -1.9656958657099275], "rotation": [[0.9795151641136843, -0.007105410715898286, 0.20124501586350008], [0.007333085402207631, 0.9999730381279197, -0.0003858441420097199], [-0.20123684834002428, 0.0018536870761786302, 0.9795408591347262]], "fy": 1473.779159330207, "fx": 1473.779159330207}, {"id": 64, "img_name": "frame_0086.jpg", "width": 1906, "height": 1071, "position": [2.000251363112008, 0.03799760740863952, -1.9843934700644978], "rotation": [[0.98083381132383, -0.007267968538400192, 0.1947105831671567], [0.007756047260188039, 0.9999683998880866, -0.0017444071077810895], [-0.19469175199496042, 0.0032211579571285462, 0.980859187573093]], "fy": 1474.0758435229134, "fx": 1474.0758435229136}, {"id": 65, "img_name": "frame_0087.jpg", "width": 1908, "height": 1073, "position": [2.0838957263010798, 0.03721046402807746, -2.0023422566851243], "rotation": [[0.9832917981419921, -0.007720472150072034, 0.18187257631778259], [0.008310916083585447, 0.9999623771016779, -0.002484563344575131], [-0.1818465517422293, 0.003954578478367544, 0.9833189680508148]], "fy": 1474.983648835035, "fx": 1474.983648835035}, {"id": 66, "img_name": "frame_0088.jpg", "width": 1905, "height": 1071, "position": [2.1841326782632353, 0.03525754022857449, -2.023692668781385], "rotation": [[0.9860748690894132, -0.007985804997308749, 0.1661101425826903], [0.008659164023758156, 0.9999569645456632, -0.0033298551069107], [-0.16607640238368124, 0.004721861409267052, 0.9861015833047452]], "fy": 1474.1850351661199, "fx": 1474.18503516612}, {"id": 67, "img_name": "frame_0089.jpg", "width": 1903, "height": 1070, "position": [2.297169349261212, 0.034129091463168684, -2.044416954059307], "rotation": [[0.9884752384803115, -0.008443442431239224, 0.1511469853857552], [0.009138171050350271, 0.999950631482614, -0.0039023617689677844], [-0.15110657411623718, 0.0052385949864167045, 0.9885035965445055]], "fy": 1474.0061672425265, "fx": 1474.0061672425265}, {"id": 68, "img_name": "frame_0090.jpg", "width": 1905, "height": 1071, "position": [2.4256384994110767, 0.03589772846288636, -2.0652982789412615], "rotation": [[0.9900893916701887, -0.007949249975052383, 0.14021342990951305], [0.008412701800554182, 0.9999609325018908, -0.002712916947505383], [-0.14018638646662795, 0.0038656040644689882, 0.9901175860243298]], "fy": 1476.559659499031, "fx": 1476.559659499031}, {"id": 69, "img_name": "frame_0091.jpg", "width": 1906, "height": 1071, "position": [2.5573415657573952, 0.034884910644216297, -2.0872488433311], "rotation": [[0.9922834268949182, -0.008402949745062949, 0.12370525916572543], [0.008658070721450379, 0.999961355536974, -0.0015248750899459376], [-0.12368766519366316, 0.0025841571623104495, 0.9923178339678779]], "fy": 1478.0197190825243, "fx": 1478.0197190825245}, {"id": 70, "img_name": "frame_0092.jpg", "width": 1905, "height": 1071, "position": [2.6838455426229695, 0.03528588106090349, -2.101968595990666], "rotation": [[0.9943189134478121, -0.007595240052114918, 0.10617066774073379], [0.007916919588917297, 0.9999652579483372, -0.0026086932625276065], [-0.10614716550235884, 0.0034344176895201232, 0.9943444996735029]], "fy": 1477.8325372668874, "fx": 1477.8325372668871}, {"id": 71, "img_name": "frame_0093.jpg", "width": 1906, "height": 1072, "position": [2.8088073730187033, 0.03618263653986042, -2.1199259955283103], "rotation": [[0.9964239535412612, -0.007289284041708637, 0.08417939859230414], [0.007427672126965717, 0.9999715287976696, -0.0013308947462807015], [-0.08416730063377953, 0.0019513923774251046, 0.9964497265651752]], "fy": 1480.035750689436, "fx": 1480.035750689436}, {"id": 72, "img_name": "frame_0094.jpg", "width": 1909, "height": 1073, "position": [2.942715170586913, 0.034843634032541024, -2.133310383118349], "rotation": [[0.9976816060415233, -0.006665520460682054, 0.06772727518064618], [0.0067525307042505716, 0.9999766439657519, -0.0010558655595220299], [-0.06771865544659683, 0.0015107481523604115, 0.9977033132873346]], "fy": 1482.4280072484328, "fx": 1482.4280072484328}, {"id": 73, "img_name": "frame_0095.jpg", "width": 1907, "height": 1072, "position": [3.072148064470667, 0.03241487208495225, -2.1447527805712343], "rotation": [[0.9988339488978791, -0.006206196109717528, 0.04787719351545917], [0.0062992692526014004, 0.9999785513054685, -0.0017933588318236947], [-0.04786503667555504, 0.002092859016794128, 0.9988516197139511]], "fy": 1483.575188742497, "fx": 1483.575188742497}, {"id": 74, "img_name": "frame_0096.jpg", "width": 1906, "height": 1072, "position": [3.200153917990507, 0.030990032006190507, -2.1514437439437977], "rotation": [[0.9995140026870537, -0.0054598564337266535, 0.030691177889221846], [0.005549410475956935, 0.9999805875108663, -0.002833486331743603], [-0.03067511166848632, 0.0030024272090980113, 0.9995248986168279]], "fy": 1483.8045057729576, "fx": 1483.8045057729578}, {"id": 75, "img_name": "frame_0097.jpg", "width": 1905, "height": 1071, "position": [3.3303735696431884, 0.030561165488205592, -2.1578957181742378], "rotation": [[0.9999267877443945, -0.004529373866608729, 0.01122069175911702], [0.004549343344404453, 0.9999881119763724, -0.0017548165330807286], [-0.011212610147122642, 0.001805734838378121, 0.9999355062679703]], "fy": 1483.782560342082, "fx": 1483.782560342082}, {"id": 76, "img_name": "frame_0098.jpg", "width": 1903, "height": 1070, "position": [3.4547960677609413, 0.027365895177285646, -2.163617723371432], "rotation": [[0.9999057512441945, -0.003959025731431775, -0.013145902176767187], [0.003934724870203229, 0.9999905031744144, -0.0018738999913353465], [0.013153196150710875, 0.0018219978703564745, 0.99991183299068]], "fy": 1483.1971161069662, "fx": 1483.1971161069664}, {"id": 77, "img_name": "frame_0099.jpg", "width": 1899, "height": 1068, "position": [3.5754099933533103, 0.02653067630756443, -2.1598695003580137], "rotation": [[0.9991236566727923, -0.002765557128606768, -0.04176446301051046], [0.0026940600710780582, 0.9999948079232569, -0.001768096960606489], [0.04176913593936684, 0.0016540315284465728, 0.9991259197231255]], "fy": 1481.5912935031347, "fx": 1481.5912935031347}, {"id": 78, "img_name": "frame_0100.jpg", "width": 1895, "height": 1065, "position": [3.694140054264324, 0.025705992397745098, -2.1561500619672866], "rotation": [[0.9971213971686891, -0.002015229834564191, -0.0757948425493129], [0.0018908089599665196, 0.9999967447644903, -0.0017132722782700568], [0.0757980484566599, 0.0015650268804275297, 0.9971219617183372]], "fy": 1480.140031213941, "fx": 1480.140031213941}, {"id": 79, "img_name": "frame_0101.jpg", "width": 1892, "height": 1064, "position": [3.816591603127605, 0.025592789115193495, -2.148643462987191], "rotation": [[0.9938225484348859, -0.0008163639041890635, -0.11097781657775013], [0.0005051896994941571, 0.9999958622089823, -0.0028320219422528123], [0.11097966933522709, 0.002758462414065774, 0.9938188486235074]], "fy": 1480.0261240384552, "fx": 1480.026124038455}, {"id": 80, "img_name": "frame_0102.jpg", "width": 1892, "height": 1064, "position": [3.934427957128222, 0.02403966220410554, -2.1403288296778125], "rotation": [[0.9895154775523471, 4.3091621019075924e-05, -0.1444268597853688], [-0.00033931598849394374, 0.9999978892773619, -0.0020264021025316525], [0.14442646761937486, 0.002054162586892837, 0.9895134035813038]], "fy": 1481.3238180586225, "fx": 1481.3238180586222}, {"id": 81, "img_name": "frame_0103.jpg", "width": 1886, "height": 1060, "position": [4.541693756544138, 0.15932162415641962, -3.8763254627388215], "rotation": [[0.9794641207970071, -0.0007685502061035386, -0.20161707616649532], [-0.00256271795596831, 0.9998644936838792, -0.01626120373644416], [0.20160225333072007, 0.016443953322138993, 0.9793294276448121]], "fy": 1872.2197175940496, "fx": 1872.2197175940498}, {"id": 82, "img_name": "frame_0104.jpg", "width": 1896, "height": 1066, "position": [4.1578353554335665, 0.019992083621832496, -2.119110253781502], "rotation": [[0.9745056296388829, 0.0018084882654753726, -0.2243557602833464], [-0.001996994351843578, 0.9999978179345016, -0.0006133023677186522], [0.22435416157424729, 0.0010457037961020968, 0.9745071147446218]], "fy": 1487.2721381327797, "fx": 1487.2721381327797}, {"id": 83, "img_name": "frame_0105.jpg", "width": 1897, "height": 1067, "position": [3.5699899999026865, -0.1834873368528358, -0.5927858310147872], "rotation": [[0.9749221314373944, 0.00552742477463271, -0.22247760608413775], [0.0028999007036683935, 0.9992911081287179, 0.037534940932256934], [0.22252736508006574, -0.03723880758348648, 0.9742149880802918]], "fy": 1131.4113765074142, "fx": 1131.4113765074142}, {"id": 84, "img_name": "frame_0106.jpg", "width": 1903, "height": 1070, "position": [3.509437986673559, 0.02971403740404132, -0.5055774917033852], "rotation": [[0.9669653871617414, 0.002845464418631939, -0.2548918267881215], [-0.0035087541406484206, 0.9999915382122314, -0.0021475912823464742], [0.25488355905299964, 0.002970999188459601, 0.9669671889409164]], "fy": 1111.1528002033199, "fx": 1111.1528002033199}, {"id": 85, "img_name": "frame_0107.jpg", "width": 1907, "height": 1072, "position": [3.632468482397673, -0.0075487214490780954, -0.851604617616994], "rotation": [[0.9526381317975378, 0.004458947847179815, -0.3040735233942496], [-0.0027571397302178055, 0.9999780435724086, 0.00602582389437155], [0.30409371586043205, -0.004902056425017479, 0.9526295092096405]], "fy": 1185.647893040312, "fx": 1185.647893040312}, {"id": 86, "img_name": "frame_0108.jpg", "width": 1909, "height": 1073, "position": [3.9122016936680803, -0.04495351792879601, -1.3017225180709708], "rotation": [[0.9295345928335644, 0.0060823242100679015, -0.3686847515940188], [-0.0016744701537469368, 0.9999232648350299, 0.012274387616454224], [0.3687311173137466, -0.010792116282656333, 0.9294734495135931]], "fy": 1295.0042197348257, "fx": 1295.004219734826}, {"id": 87, "img_name": "frame_0109.jpg", "width": 1924, "height": 1079, "position": [3.945268555170981, -0.04587589135996685, -1.2889345120539386], "rotation": [[0.9069469009901644, 0.007090648036597005, -0.42118528166919383], [-0.0021093413987546467, 0.9999222307475195, 0.012291588008374297], [0.42123968172906084, -0.010259394101271968, 0.9068913250050826]], "fy": 1296.5806005511533, "fx": 1296.580600551153}, {"id": 88, "img_name": "frame_0110.jpg", "width": 1905, "height": 1071, "position": [4.7367741829557755, 0.0089778796197726, -1.9535002404259112], "rotation": [[0.8559371850943739, 0.006995745124204807, -0.5170324890399793], [-0.006299535962790252, 0.9999753480324003, 0.00310147934592793], [0.5170414403308237, 0.0006023932576564151, 0.8559601545066164]], "fy": 1505.0162799854859, "fx": 1505.0162799854859}, {"id": 89, "img_name": "frame_0111.jpg", "width": 1975, "height": 1088, "position": [3.9151852169520196, 0.009847526475736163, -1.0257427576541698], "rotation": [[0.8506562637730573, 0.009377692564241745, -0.5256386399284524], [-0.008388782528015958, 0.9999557224671789, 0.004263969141556573], [0.5256553521380339, 0.0007822961798817483, 0.8506972662359545]], "fy": 1265.5679295389498, "fx": 1265.5679295389498}, {"id": 90, "img_name": "frame_0112.jpg", "width": 1907, "height": 1072, "position": [4.897444037632708, 0.00478446940286218, -1.859704619662138], "rotation": [[0.7821213100082203, 0.008865252083226307, -0.6230631298163343], [-0.007870832200007073, 0.9999595725409866, 0.004347790717908789], [0.6230764852179101, 0.0015035255728631876, 0.7821594677425744]], "fy": 1506.7919468984435, "fx": 1506.7919468984433}, {"id": 91, "img_name": "frame_0113.jpg", "width": 1915, "height": 1076, "position": [4.977400321249616, 0.002192575274276699, -1.802831260263531], "rotation": [[0.7337935930182077, 0.009855850387576678, -0.6793009826715745], [-0.00834248443427457, 0.9999500951303215, 0.005496380838783299], [0.6793212537517819, 0.0016338488298378016, 0.733839195423022]], "fy": 1510.0159844310367, "fx": 1510.0159844310367}, {"id": 92, "img_name": "frame_0114.jpg", "width": 1930, "height": 1080, "position": [5.048709190492806, 0.0007785756273766953, -1.7444410609438101], "rotation": [[0.6786222929950013, 0.010661831982509239, -0.7344100413181885], [-0.008726801653345677, 0.9999411004114324, 0.00645280101015513], [0.7344355835491019, 0.0020300361450572993, 0.6786753661141237]], "fy": 1514.5495008860605, "fx": 1514.5495008860605}, {"id": 93, "img_name": "frame_0115.jpg", "width": 1931, "height": 1081, "position": [5.114013163889457, -0.0025368111315546057, -1.6760570596463609], "rotation": [[0.6179389094898647, 0.011559360118580206, -0.7861411357587933], [-0.009655236134107837, 0.9999280849722225, 0.007113459002372149], [0.7861668274314754, 0.0031946952018601727, 0.6180060787475281]], "fy": 1511.6117694712973, "fx": 1511.6117694712977}, {"id": 94, "img_name": "frame_0116.jpg", "width": 1917, "height": 1078, "position": [5.128622078894356, -0.004955694046337087, -1.584876214717802], "rotation": [[0.5555995620228051, 0.013004973628792677, -0.8313483008589009], [-0.010535130379172579, 0.9999075123233049, 0.008601036409273228], [0.8313832676377128, 0.003979630678117707, 0.5556851850028978]], "fy": 1465.035501905361, "fx": 1465.035501905361}, {"id": 95, "img_name": "frame_0117.jpg", "width": 1918, "height": 1078, "position": [5.177521534672923, -0.007023938455319007, -1.5173371134158056], "rotation": [[0.4844797727650696, 0.014324269137741185, -0.8746851805622271], [-0.011835775631014532, 0.9998817455463658, 0.009818825712112686], [0.8747223926462147, 0.005595555095083783, 0.484592019709837]], "fy": 1463.084034629498, "fx": 1463.0840346294983}, {"id": 96, "img_name": "frame_0118.jpg", "width": 1915, "height": 1076, "position": [5.220683959556601, -0.009032028945986351, -1.4484183022349755], "rotation": [[0.41272498847380923, 0.01587554156963341, -0.9107173277527799], [-0.01267872768933577, 0.9998513619504306, 0.011683487067178496], [0.910767442190087, 0.006724669935401911, 0.41286492350499604]], "fy": 1458.0877566832896, "fx": 1458.0877566832896}, {"id":