[{"id": 0, "img_name": "frame_0011.jpg", "width": 1879, "height": 1056, "position": [2.5733726461706086, 0.041548018644402294, -0.29429918921028925], "rotation": [[-0.9783567792644569, 0.007972251750501055, -0.20677150594147528], [0.001968321798284856, 0.9995708904331242, 0.029226027920838487], [0.20691577556237056, 0.028186489684915838, -0.9779526489675585]], "fy": 1491.6363516439894, "fx": 1491.6363516439892}, {"id": 1, "img_name": "frame_0012.jpg", "width": 1883, "height": 1059, "position": [2.299545136915012, 0.02500234039413623, -0.24667986617067542], "rotation": [[-0.9796541888321906, 0.009254306291883634, -0.2004794955066375], [0.0029276163004200474, 0.9994889677267674, 0.03183131249694768], [0.20067162072983163, 0.03059675158471607, -0.9791806469830392]], "fy": 1487.3123141617107, "fx": 1487.3123141617107}, {"id": 2, "img_name": "frame_0013.jpg", "width": 1890, "height": 1062, "position": [2.0065827264227054, 0.021869811357889055, -0.22121447341113049], "rotation": [[-0.981679460177399, 0.008990684496683572, -0.19032762557782026], [0.002567684626304164, 0.9994196627768571, 0.033966816904933354], [0.19052255630625392, 0.0328558251650224, -0.9811328402878252]], "fy": 1481.4895280502496, "fx": 1481.4895280502496}, {"id": 3, "img_name": "frame_0014.jpg", "width": 1893, "height": 1064, "position": [1.7237416700857295, 0.017141080448227472, -0.17376185163707014], "rotation": [[-0.9823880228423761, 0.007591574065841371, -0.1866979929700568], [0.0016502097610249528, 0.9994878426284771, 0.031958242217261124], [0.1868449875795151, 0.031087303534969992, -0.9818974132644066]], "fy": 1479.6383963031196, "fx": 1479.6383963031199}, {"id": 4, "img_name": "frame_0015.jpg", "width": 1894, "height": 1065, "position": [1.4454775472465524, 0.01305506222061703, -0.12694937555432162], "rotation": [[-0.9837384756366848, 0.006692468799346919, -0.17948209496599293], [0.0012048954145682282, 0.9995289585820355, 0.030666091745629977], [0.17960278332768645, 0.029951157194359132, -0.9832831577951834]], "fy": 1476.7534308877007, "fx": 1476.7534308877007}, {"id": 5, "img_name": "frame_0016.jpg", "width": 1898, "height": 1067, "position": [1.1758762568537628, 0.010691200148130173, -0.0749481817405991], "rotation": [[-0.9859939360303533, 0.006030795775356102, -0.16667209608594935], [0.000854467209832575, 0.9995155631319589, 0.031111234993008087], [0.16677897948229356, 0.030533073204621855, -0.9855214373333145]], "fy": 1477.6993918725573, "fx": 1477.6993918725573}, {"id": 6, "img_name": "frame_0017.jpg", "width": 1903, "height": 1070, "position": [0.9101150308022861, 0.0057109873924139284, -0.022535247605591745], "rotation": [[-0.989721697988701, 0.005701341516101027, -0.14289316021167814], [0.0009426915682324588, 0.9994433644681516, 0.033347751846094745], [0.143003747723515, 0.03287028940393307, -0.9891761583315338]], "fy": 1479.3894593304133, "fx": 1479.3894593304133}, {"id": 7, "img_name": "frame_0018.jpg", "width": 1903, "height": 1070, "position": [0.6553907463883858, 0.003926048101595021, 0.0153615653248121], "rotation": [[-0.9938282622170665, 0.004701018149232481, -0.11082998532420683], [0.0009589488314832049, 0.9994283864492951, 0.03379320607011034], [0.11092549587782742, 0.033478362978481085, -0.9932646845511709]], "fy": 1478.3050537666434, "fx": 1478.3050537666436}, {"id": 8, "img_name": "frame_0019.jpg", "width": 1902, "height": 1069, "position": [0.40588432284728926, 0.0007109634387358333, 0.042939392635671945], "rotation": [[-0.9982949302256382, 0.0042697871481904804, -0.05821512864793016], [0.0021083720867067397, 0.9993078832142015, 0.03713905374529671], [0.05833341283458312, 0.0369529899150419, -0.997612995847291]], "fy": 1477.4261951740905, "fx": 1477.4261951740905}, {"id": 9, "img_name": "frame_0020.jpg", "width": 1900, "height": 1068, "position": [0.15588425013541538, 4.091339296279067e-05, 0.05611865568056139], "rotation": [[-0.9999953901257959, 0.00303639818579574, -3.635072188220109e-06], [0.0030339221952086345, 0.999226882883851, 0.03919734478681173], [0.00012265100845037824, 0.039197153063456946, -0.9992314887694689]], "fy": 1476.674632277707, "fx": 1476.674632277707}, {"id": 10, "img_name": "frame_0021.jpg", "width": 1907, "height": 1072, "position": [-0.08422834602188808, -0.0035230545691614236, 0.06563229699112377], "rotation": [[-0.9970728423934845, 0.0009462856883014041, 0.07645162852923007], [0.003995580821804909, 0.9992019787018904, 0.039742182780059525], [-0.07635301104260195, 0.039931319808182535, -0.9962809379904356]], "fy": 1481.4260965870537, "fx": 1481.4260965870535}, {"id": 11, "img_name": "frame_0022.jpg", "width": 1903, "height": 1070, "position": [-0.3045882068311488, -0.00424366691953735, 0.05320674594271942], "rotation": [[-0.9874438861343686, -0.001584597628934103, 0.1579622131593775], [0.004932793784283361, 0.9991527629739223, 0.04085858278328702], [-0.15789312613706769, 0.04112475278869601, -0.9865994706195269]], "fy": 1481.6279586368235, "fx": 1481.6279586368235}, {"id": 12, "img_name": "frame_0023.jpg", "width": 1922, "height": 1079, "position": [-0.5105496539528408, -0.00768385676197238, 0.03428327035840396], "rotation": [[-0.967251237047572, -0.004553197253110741, 0.25378004812182514], [0.006254922057274392, 0.9991078671752542, 0.041765364820288906], [-0.25374380855500495, 0.04198497520886095, -0.9663598405752963]], "fy": 1491.0181608045957, "fx": 1491.0181608045957}, {"id": 13, "img_name": "frame_0024.jpg", "width": 1926, "height": 1080, "position": [-0.6988860216478129, -0.006776599572707682, -0.018807565026737826], "rotation": [[-0.9320423259691554, -0.008588698911782216, 0.36224761814677214], [0.007116520217166211, 0.9990923350505739, 0.041998347386424335], [-0.3622795298412616, 0.04172217988306535, -0.9311352221690468]], "fy": 1492.9434690834903, "fx": 1492.9434690834903}, {"id": 14, "img_name": "frame_0025.jpg", "width": 1925, "height": 1080, "position": [-0.8875156835878406, -0.008439744186001042, -0.09483728803934922], "rotation": [[-0.8795342124581262, -0.01243112811469288, 0.4756732451688466], [0.008469419790736173, 0.9990913459208399, 0.04177022186310385], [-0.475760273713636, 0.040767015587122944, -0.8786297356657395]], "fy": 1493.0819138334166, "fx": 1493.0819138334164}, {"id": 15, "img_name": "frame_0026.jpg", "width": 1917, "height": 1077, "position": [-1.0542219706216547, -0.005676437096716806, -0.20418942721839448], "rotation": [[-0.8132942858408554, -0.01753647577605356, 0.5815882363287322], [0.009133342299098852, 0.9990378029447233, 0.04289580802161609], [-0.5817808751386186, 0.04019875999002628, -0.8123515698379639]], "fy": 1485.352201593624, "fx": 1485.352201593624}, {"id": 16, "img_name": "frame_0027.jpg", "width": 1908, "height": 1073, "position": [-1.2008894136282589, -0.005159369703096848, -0.3252104605889887], "rotation": [[-0.7287603494980264, -0.023255634146652847, 0.684373822176121], [0.009594265872644787, 0.9989782811582233, 0.04416269734206078], [-0.6847016160795014, 0.03875008715601157, -0.7277926405807649]], "fy": 1477.767519996342, "fx": 1477.767519996342}, {"id": 17, "img_name": "frame_0028.jpg", "width": 1898, "height": 1067, "position": [-1.3220638022870814, -0.005338151114778156, -0.45808838451354184], "rotation": [[-0.6289269823606863, -0.02831698388531438, 0.7769485177811456], [0.011536272206468863, 0.9988865691133939, 0.04574425066006523], [-0.7773787785129322, 0.03773288311952149, -0.627900043198939]], "fy": 1469.9201825455975, "fx": 1469.9201825455978}, {"id": 18, "img_name": "frame_0029.jpg", "width": 1894, "height": 1065, "position": [-1.430743404018371, -0.0025733716766427285, -0.5944729319096721], "rotation": [[-0.5251836080961274, -0.031327188906756974, 0.8504121265729525], [0.013929471508489815, 0.9988718397344007, 0.045398431791280905], [-0.8508749306511654, 0.035688303697623075, -0.5241547456320116]], "fy": 1470.7893959742714, "fx": 1470.7893959742712}, {"id": 19, "img_name": "frame_0030.jpg", "width": 1892, "height": 1064, "position": [-1.521960763134885, -0.003410302046078243, -0.7361097425310583], "rotation": [[-0.4361902973528405, -0.03282074288797697, 0.8992557051982045], [0.017266551029534054, 0.9988453663878074, 0.044830795901379526], [-0.8996887743607693, 0.03508180271719172, -0.43511995634230216]], "fy": 1473.5582613070408, "fx": 1473.5582613070408}, {"id": 20, "img_name": "frame_0031.jpg", "width": 1894, "height": 1065, "position": [-1.5877359798152935, -0.0034637272706593146, -0.873964774432169], "rotation": [[-0.32623785835514696, -0.03388718635586239, 0.9446801143121035], [0.021682262272056347, 0.9988260570081903, 0.0433172868983866], [-0.9450390146859609, 0.034614540909196335, -0.32512012284543806]], "fy": 1479.9013191428114, "fx": 1479.9013191428114}, {"id": 21, "img_name": "frame_0032.jpg", "width": 1875, "height": 1054, "position": [-1.6343872010142972, -0.0013593312393950564, -1.110043624610803], "rotation": [[-0.23462744712641662, -0.0352129824386413, 0.9714473773307092], [0.025842784301467272, 0.9987645308897205, 0.04244481518612669], [-0.9717417926355155, 0.035063623663457166, -0.23342757065329497]], "fy": 1478.5069325627594, "fx": 1478.5069325627592}, {"id": 22, "img_name": "frame_0033.jpg", "width": 1877, "height": 1055, "position": [-1.6182950647693493, 0.013492046786851612, -1.392726069852142], "rotation": [[-0.1980178008893688, -0.03345006257251853, 0.9796275025972037], [0.027150483559414375, 0.9988469022557562, 0.03959440739005877], [-0.9798223317384787, 0.03443775788251271, -0.19688128163590654]], "fy": 1468.9819981642358, "fx": 1468.9819981642358}, {"id": 23, "img_name": "frame_0034.jpg", "width": 1878, "height": 1056, "position": [-1.6636095507254907, 0.019047078358688935, -1.6547614048335664], "rotation": [[-0.1662860061005632, -0.03319299472938175, 0.9855187412099372], [0.02813057731185435, 0.9988668346839035, 0.03838902432546347], [-0.9856762322361363, 0.034106768675066186, -0.16516383846145102]], "fy": 1471.670470877997, "fx": 1471.6704708779969}, {"id": 24, "img_name": "frame_0035.jpg", "width": 1889, "height": 1062, "position": [-1.7074409899352605, 0.025543940033208517, -1.9271935692821456], "rotation": [[-0.15847266417593864, -0.03225525134109706, 0.986836366106307], [0.02748268577429109, 0.9989349119335474, 0.03706404865833161], [-0.986980808674419, 0.0329945522963754, -0.15741741589528782]], "fy": 1477.4866269091742, "fx": 1477.486626909174}, {"id": 25, "img_name": "frame_0036.jpg", "width": 1889, "height": 1062, "position": [-1.7489791485718795, 0.028962183338304, -2.1987177525741015], "rotation": [[-0.15042184806805967, -0.03295929106180693, 0.9880723418639414], [0.027779704846334526, 0.998908551839441, 0.03754987430979426], [-0.9882315293606254, 0.03309667951220943, -0.14934207104103642]], "fy": 1473.8414039617721, "fx": 1473.8414039617724}, {"id": 26, "img_name": "frame_0037.jpg", "width": 1901, "height": 1068, "position": [-1.8042406248882454, 0.031640484513959656, -2.4703421883703056], "rotation": [[-0.13775661670656583, -0.032898121029559635, 0.9899196069309281], [0.0273402943821708, 0.998941097597473, 0.03700259225855298], [-0.9900886944393695, 0.032162045387085246, -0.1367113015806027]], "fy": 1484.757653964215, "fx": 1484.757653964215}, {"id": 27, "img_name": "frame_0038.jpg", "width": 1888, "height": 1061, "position": [-1.8309502892098695, 0.036022456704379896, -2.736669310708144], "rotation": [[-0.11786190546739284, -0.034222344344583766, 0.9924401253411473], [0.027001516118060082, 0.998926019815508, 0.037652689981905726], [-0.9926628276342969, 0.031235205827849093, -0.1168112689339963]], "fy": 1479.1309715862167, "fx": 1479.1309715862164}, {"id": 28, "img_name": "frame_0039.jpg", "width": 1873, "height": 1053, "position": [-1.8724095199741781, 0.03904602753306592, -3.0001345113546525], "rotation": [[-0.09067194642442847, -0.030514661833198668, 0.9954132074394084], [0.02680954613895491, 0.9990934154484067, 0.0330695546305195], [-0.9955198874796165, 0.029685057197910102, -0.0897716604042054]], "fy": 1483.1125209371548, "fx": 1483.1125209371548}, {"id": 29, "img_name": "frame_0040.jpg", "width": 1863, "height": 1047, "position": [-1.8994409172644031, 0.0432574262461137, -3.261011533499987], "rotation": [[-0.03009447007637473, -0.030851758643110613, 0.999070814236633], [0.027722619613921095, 0.9991132658270749, 0.03168814305222845], [-0.9991625389457729, 0.028650498023313785, -0.029212492712058485]], "fy": 1477.1874688398561, "fx": 1477.1874688398561}, {"id": 30, "img_name": "frame_0041.jpg", "width": 1866, "height": 1049, "position": [-1.9169377234347467, 0.04636613180990377, -3.517605479122123], "rotation": [[0.042144009943536724, -0.03347848862838942, 0.9985504860671988], [0.028270873635471032, 0.9990782119641066, 0.0323030042332136], [-0.9987114899357908, 0.026868516478633264, 0.043051628220905996]], "fy": 1475.4798186411208, "fx": 1475.4798186411203}, {"id": 31, "img_name": "frame_0042.jpg", "width": 1885, "height": 1060, "position": [-1.9361020882830695, 0.04948719938992792, -3.713292451943727], "rotation": [[0.13187289966610385, -0.03419614961196912, 0.9906766181178245], [0.029738014295560482, 0.9990914310758643, 0.03052806670162273], [-0.9908204624650276, 0.025434930754722144, 0.13277000963354538]], "fy": 1483.445034012019, "fx": 1483.445034012019}, {"id": 32, "img_name": "frame_0043.jpg", "width": 1890, "height": 1063, "position": [-1.938572218482768, 0.052924338939752895, -3.841487441729158], "rotation": [[0.26091245194482354, -0.03301997277314292, 0.9647975817850092], [0.0325328677270123, 0.9991479225170947, 0.025397666176847494], [-0.9648141297356693, 0.024761064755675636, 0.26176436872608994]], "fy": 1493.0565161433876, "fx": 1493.0565161433876}, {"id": 33, "img_name": "frame_0044.jpg", "width": 1886, "height": 1060, "position": [-1.8809213070923476, 0.05753276087556466, -3.997705501171793], "rotation": [[0.4076587618517691, -0.03329671298137945, 0.912527075099758], [0.0349962782535849, 0.999170464672882, 0.020824097430019485], [-0.9124634756492346, 0.023445925659118707, 0.40848585553982997]], "fy": 1484.8353706497758, "fx": 1484.835370649776}, {"id": 34, "img_name": "frame_0045.jpg", "width": 1886, "height": 1060, "position": [-1.7743865575090654, 0.06031552023228528, -4.16627265627945], "rotation": [[0.5475803779196448, -0.03473792771426666, 0.836031701609154], [0.037545789047323946, 0.9991515836883499, 0.016924140683544055], [-0.8359103082521431, 0.02212214255403228, 0.5484200647009793]], "fy": 1470.4901158852597, "fx": 1470.4901158852597}, {"id": 35, "img_name": "frame_0046.jpg", "width": 1917, "height": 1078, "position": [-1.6843296379857506, 0.0650953493104456, -4.327078115963329], "rotation": [[0.6718524622962849, -0.03509164175467306, 0.7398532594950035], [0.039480536370082496, 0.9991537162259345, 0.011538570094912794], [-0.7396320410544351, 0.021457586790371127, 0.672669321297459]], "fy": 1485.8683322892728, "fx": 1485.8683322892728}, {"id": 36, "img_name": "frame_0047.jpg", "width": 1921, "height": 1079, "position": [-1.5537923013072685, 0.06851859993369884, -4.451899728185716], "rotation": [[0.7783535984261214, -0.034134472785713785, 0.6268975303705936], [0.03900434054988739, 0.9992211484343363, 0.005979794296976623], [-0.6266133873732482, 0.019797330355558262, 0.779078769108372]], "fy": 1478.011209515626, "fx": 1478.011209515626}, {"id": 37, "img_name": "frame_0048.jpg", "width": 1896, "height": 1066, "position": [-1.4260646925772444, 0.06933021603654144, -4.533626103700871], "rotation": [[0.8737430099440702, -0.032552342191535, 0.4852973290589199], [0.03685161212192411, 0.9993205153508194, 0.0006828491693169665], [-0.4849898053133607, 0.017287354245748284, 0.8743489212695869]], "fy": 1459.7340962305977, "fx": 1459.734096230598}, {"id": 38, "img_name": "frame_0049.jpg", "width": 1907, "height": 1072, "position": [-1.3183383278544416, 0.0713763413272325, -4.593971426950121], "rotation": [[0.9474674746185152, -0.03053142568355233, 0.3183916088494532], [0.03349639243593733, 0.9994314608109606, -0.0038401608100558007], [-0.3180933451579759, 0.014303397743163295, 0.947951494845179]], "fy": 1462.008683654222, "fx": 1462.008683654222}, {"id": 39, "img_name": "frame_0050.jpg", "width": 1916, "height": 1077, "position": [-1.2054061987488227, 0.07451346053776282, -4.6245501000094915], "rotation": [[0.9913935808598174, -0.02770661976400143, 0.12794964263803843], [0.02892057356697229, 0.9995525204221314, -0.00763932865651153], [-0.1276807278116241, 0.011273958444925191, 0.9917512438139294]], "fy": 1463.379864279726, "fx": 1463.3798642797262}, {"id": 40, "img_name": "frame_0051.jpg", "width": 1919, "height": 1079, "position": [-1.1044884959132943, 0.07687110846656597, -4.633608347304072], "rotation": [[0.9986425354059824, -0.02504171213965936, 0.045672739473624706], [0.02543407009690777, 0.9996442523256829, -0.008029749095223134], [-0.04545541283738099, 0.0091804926524175, 0.9989241833084442]], "fy": 1464.9155009967265, "fx": 1464.9155009967265}, {"id": 41, "img_name": "frame_0052.jpg", "width": 1918, "height": 1078, "position": [-1.1046111889935364, 0.07672695550554355, -4.633463552500907], "rotation": [[0.9991255800523579, -0.02435172109415569, 0.03398630554785341], [0.024644782454682032, 0.9996623877042586, -0.008230753743228961], [-0.03377439833366385, 0.00906114171463695, 0.999388405840305]], "fy": 1464.6393259614686, "fx": 1464.6393259614686}, {"id": 42, "img_name": "frame_0053.jpg", "width": 1918, "height": 1078, "position": [-1.104488603593813, 0.07687111412115821, -4.633608392614139], "rotation": [[0.9991305243482013, -0.024227847695429888, 0.033929437244603004], [0.024522123237655034, 0.9996649643106866, -0.008283996718440352], [-0.033717366261403925, 0.009108815826490525, 0.9993898982312326]], "fy": 1464.7825808845987, "fx": 1464.7825808845987}, {"id": 43, "img_name": "frame_0054.jpg", "width": 1918, "height": 1078, "position": [-1.1044883633067055, 0.07687111728153058, -4.63360838496639], "rotation": [[0.9991302250920431, -0.024240761789131586, 0.03392902555932653], [0.024534501206666004, 0.9996647929301505, -0.008268012243539647], [-0.03371722939482067, 0.009093252652477835, 0.999390044576258]], "fy": 1464.6635934475123, "fx": 1464.6635934475123}, {"id": 44, "img_name": "frame_0055.jpg", "width": 1919, "height": 1079, "position": [-1.1044878755140592, 0.07681838081216144, -4.633607983496329], "rotation": [[0.9991290221200619, -0.02432191063355805, 0.03390636843635651], [0.024615575019387367, 0.9996627783082558, -0.008270618567191983], [-0.033693777227756, 0.009098039797246675, 0.9993907919567672]], "fy": 1464.8504943154899, "fx": 1464.8504943154899}, {"id": 45, "img_name": "frame_0056.jpg", "width": 1918, "height": 1078, "position": [-1.1044884989116501, 0.07687111193536264, -4.633608357553182], "rotation": [[0.9991844240609055, -0.024266684576859477, 0.032274056666674114], [0.02454714189612613, 0.9996640332512959, -0.008322166093210487], [-0.03206126227720815, 0.009107614583344182, 0.9994444090682548]], "fy": 1464.7424197764997, "fx": 1464.7424197765}, {"id": 46, "img_name": "frame_0057.jpg", "width": 1918, "height": 1078, "position": [-1.1044943267469813, 0.0768192955722899, -4.63361809781672], "rotation": [[0.9992141901142394, -0.02429132773845923, 0.03131986064859418], [0.024561068052521406, 0.9996642347170772, -0.008256619383264927], [-0.03110878027927179, 0.009019380478916206, 0.9994753096326655]], "fy": 1464.6765296919916, "fx": 1464.676529691992}, {"id": 47, "img_name": "frame_0058.jpg", "width": 1919, "height": 1079, "position": [-1.1044885014920172, 0.0768711141977959, -4.6336083626624465], "rotation": [[0.9992723072032496, -0.02424383861499135, 0.029446431802593175], [0.024493065313732694, 0.9996669191560628, -0.008132680773473934], [-0.029239456360058085, 0.008847996057654095, 0.9995332746624958]], "fy": 1464.905595494803, "fx": 1464.905595494803}, {"id": 48, "img_name": "frame_0059.jpg", "width": 1919, "height": 1079, "position": [-1.1044885228327563, 0.07687111661623344, -4.63360840565353], "rotation": [[0.999351268357645, -0.023866167384027172, 0.026971252962437412], [0.024085966320012493, 0.9996790385081158, -0.007854055889839028], [-0.02677515001633819, 0.00849858940572427, 0.999605354787436]], "fy": 1464.9140863162597, "fx": 1464.9140863162597}, {"id": 49, "img_name": "frame_0060.jpg", "width": 1918, "height": 1078, "position": [-1.1045220698569678, 0.07668272663732623, -4.633231344478189], "rotation": [[0.9994127459961062, -0.023525801433271057, 0.024913847704539808], [0.02371213673422081, 0.9996928257622261, -0.0072103183725515324], [-0.024736566294057828, 0.0077968446475635035, 0.999663599168001]], "fy": 1464.468955315427, "fx": 1464.4689553154267}, {"id": 50, "img_name": "frame_0061.jpg", "width": 1913, "height": 1076, "position": [-1.0459694320667772, 0.07687821472397212, -4.6379248078058675], "rotation": [[0.9995693484564988, -0.023011953789934824, 0.018208998023515725], [0.02315114178262674, 0.9997040653142384, -0.007470370027352645], [-0.018031701539544445, 0.007888711995931823, 0.9998062942203525]], "fy": 1464.9792290020873, "fx": 1464.9792290020873}, {"id": 51, "img_name": "frame_0062.jpg", "width": 1911, "height": 1074, "position": [-0.8244824944403438, 0.07888473825602572, -4.643351811914161], "rotation": [[0.9997324615293582, -0.022619644763810873, 0.0048329116699115885], [0.02266189520906338, 0.9997038011330586, -0.008874035477016916], [-0.004630752636839355, 0.008981184268955169, 0.9999489459263124]], "fy": 1464.8849656505777, "fx": 1464.8849656505777}, {"id": 52, "img_name": "frame_0063.jpg", "width": 1905, "height": 1071, "position": [-0.6247555428221918, 0.08226531929241095, -4.647547804425299], "rotation": [[0.9996218294390581, -0.0221034422073668, -0.01635958286437272], [0.021963282998775986, 0.9997209399039688, -0.008698075502124718], [0.016547274966784088, 0.008335475997840819, 0.9998283390317875]], "fy": 1464.5819451069917, "fx": 1464.581945106992}, {"id": 53, "img_name": "frame_0064.jpg", "width": 1905, "height": 1071, "position": [-0.35981024597261924, 0.08565634172104548, -4.637831229051249], "rotation": [[0.9989667889672075, -0.021489279201518018, -0.04004454294839721], [0.02114731423935672, 0.9997363652657442, -0.008943772453520547], [0.04022618103932716, 0.008087697115845612, 0.9991578671633194]], "fy": 1466.2592669188866, "fx": 1466.2592669188866}, {"id": 54, "img_name": "frame_0065.jpg", "width": 1906, "height": 1071, "position": [-0.07371658156069336, 0.08739633732280865, -4.6319134922430205], "rotation": [[0.998834006780969, -0.020764909167594162, -0.043582627790631], [0.020455099521202707, 0.9997623210680726, -0.007542564295903312], [0.043728889780702315, 0.006642282728227292, 0.9990213532646363]], "fy": 1469.8873964210622, "fx": 1469.887396421062}, {"id": 55, "img_name": "frame_0066.jpg", "width": 1905, "height": 1071, "position": [0.19254103345695195, 0.08863248631264858, -4.622009949454466], "rotation": [[0.9976416173129548, -0.020344755396377662, -0.06555375147963168], [0.019886396130512303, 0.9997730770253263, -0.007637126701273216], [0.06569425130201345, 0.0063154875641170515, 0.9978198133744867]], "fy": 1468.3422719476955, "fx": 1468.3422719476955}, {"id": 56, "img_name": "frame_0067.jpg", "width": 1899, "height": 1067, "position": [0.45215763997898084, 0.09130361885553778, -4.605784512932656], "rotation": [[0.9948830731799093, -0.019803012107148094, -0.09907326284918501], [0.019388177485862898, 0.9997987766074647, -0.005148287870089747], [0.0991552785981474, 0.0032010944535861923, 0.9950668237462362]], "fy": 1465.363699370448, "fx": 1465.3636993704483}, {"id": 57, "img_name": "frame_0068.jpg", "width": 1894, "height": 1065, "position": [0.7146069248170621, 0.0943728109651857, -4.576175317176737], "rotation": [[0.9910446497386842, -0.018693473499092984, -0.13221594560743324], [0.018001344049056303, 0.9998172976595501, -0.006428290066725746], [0.13231195651473282, 0.003990657751946157, 0.9912000912096155]], "fy": 1461.852104579141, "fx": 1461.852104579141}, {"id": 58, "img_name": "frame_0069.jpg", "width": 1900, "height": 1068, "position": [0.9668839612360207, 0.09447121717463991, -4.542135114280801], "rotation": [[0.9831387818406585, -0.017677261839688194, -0.18200453306090272], [0.016926628142630393, 0.9998406183847496, -0.005676890673826157], [0.1820758767673171, 0.002500448330313064, 0.9832813040313338]], "fy": 1464.2608037388206, "fx": 1464.2608037388204}, {"id": 59, "img_name": "frame_0070.jpg", "width": 1903, "height": 1070, "position": [1.2217972550344447, 0.09644675802008777, -4.49595019843028], "rotation": [[0.9733369593796591, -0.016309624584828864, -0.22879938734940208], [0.015429989700222453, 0.9998650828216842, -0.005633078362479608], [0.22886039177500947, 0.0019525111750647681, 0.9734572968429075]], "fy": 1465.7733801078562, "fx": 1465.773380107856}, {"id": 60, "img_name": "frame_0071.jpg", "width": 1908, "height": 1073, "position": [1.4499349400606494, 0.0974312335291129, -4.441793097943278], "rotation": [[0.9573612150187016, -0.01407053059094691, -0.28855073062947595], [0.013054445468612178, 0.9998999589840932, -0.005445500630403867], [0.2885984848044463, 0.0014464413219778562, 0.9574491226044755]], "fy": 1467.4256446071604, "fx": 1467.4256446071604}, {"id": 61, "img_name": "frame_0072.jpg", "width": 1906, "height": 1071, "position": [1.6586713671884887, 0.09781873291639248, -4.3745528532104805], "rotation": [[0.9361586737921453, -0.011617228588724111, -0.3513857957909634], [0.010251769945249298, 0.9999309386531109, -0.005746228093138592], [0.3514282838599093, 0.0017770549305024849, 0.9362131185681244]], "fy": 1468.9562298708015, "fx": 1468.9562298708017}, {"id": 62, "img_name": "frame_0073.jpg", "width": 1908, "height": 1073, "position": [1.8797312174034102, 0.09944576064909892, -4.289995287622468], "rotation": [[0.9077730776848101, -0.009074437715680513, -0.4193634390487468], [0.007629037276784602, 0.9999577727393805, -0.005123526942141136], [0.41939222360563294, 0.0014516605118450234, 0.9078039741380742]], "fy": 1471.2504975100185, "fx": 1471.2504975100185}, {"id": 63, "img_name": "frame_0074.jpg", "width": 1907, "height": 1072, "position": [2.082282588604714, 0.09943210724649569, -4.191803911864441], "rotation": [[0.8690208483554421, -0.005500272893911345, -0.4947448960036676], [0.004381657240774763, 0.9999845493938027, -0.0034208264348976466], [0.49475606737402605, 0.000804966934620648, 0.8690315217670889]], "fy": 1470.3214835053145, "fx": 1470.3214835053145}, {"id": 64, "img_name": "frame_0075.jpg", "width": 1907, "height": 1072, "position": [2.267507431689664, 0.09789984913401188, -4.091062316412545], "rotation": [[0.8195395907618604, -0.002175067133330873, -0.5730184362277079], [0.0015339366297848446, 0.9999975404135667, -0.001601937961681895], [0.5730205111619462, 0.00043387761267095807, 0.8195409114485496]], "fy": 1475.5254385938445, "fx": 1475.5254385938445}, {"id": 65, "img_name": "frame_0076.jpg", "width": 1901, "height": 1069, "position": [2.44879261635733, 0.09434105647855676, -3.97411963434657], "rotation": [[0.7623592170069087, -0.0014809759890765301, -0.6471524016448776], [0.0007652712415780266, 0.9999987453757633, -0.0013869415367994953], [0.6471536437389037, 0.000562100542131845, 0.7623593938808917]], "fy": 1480.4694646785495, "fx": 1480.4694646785495}, {"id": 66, "img_name": "frame_0077.jpg", "width": 1906, "height": 1072, "position": [2.6128278260592146, 0.09143632702932927, -3.8405454000164094], "rotation": [[0.6921570488084551, 0.001038274668272287, -0.7217461754456919], [-0.0009734365698208595, 0.9999993986830781, 0.0005050294313588016], [0.7217462658067685, 0.00035301444053645754, 0.6921576432972407]], "fy": 1488.2500391753483, "fx": 1488.2500391753483}, {"id": 67, "img_name": "frame_0078.jpg", "width": 1900, "height": 1068, "position": [2.7639396055103727, 0.09074063795368166, -3.689782441085975], "rotation": [[0.6164720792707832, 0.0018290822796083218, -0.787374643951386], [-0.001488776797045298, 0.9999982220089007, 0.0011573775036727778], [0.7873753609449599, 0.000458734184306241, 0.6164737062841708]], "fy": 1493.617487367601, "fx": 1493.617487367601}, {"id": 68, "img_name": "frame_0079.jpg", "width": 1896, "height": 1066, "position": [2.8904873176299666, 0.08837267098101899, -3.5264967134516665], "rotation": [[0.5326124828051044, 0.002744075893437786, -0.8463547797511829], [-0.001379548916843333, 0.9999962303248964, 0.0023740641909092736], [0.8463581038809564, -9.686840338795689e-05, 0.5326142606160147]], "fy": 1493.2470382470142, "fx": 1493.2470382470142}, {"id": 69, "img_name": "frame_0080.jpg", "width": 1897, "height": 1066, "position": [2.9983702265698904, 0.08677205994988131, -3.3491636674830447], "rotation": [[0.44810424830270285, 0.0051888402444399346, -0.8939662513708154], [-0.0010692535964818644, 0.9999855510710093, 0.005268239360196708], [0.8939806705683387, -0.0014048438089680052, 0.44810332186233165]], "fy": 1496.1962048422297, "fx": 1496.1962048422297}, {"id": 70, "img_name": "frame_0081.jpg", "width": 1898, "height": 1067, "position": [3.0887366528994002, 0.084461693469723, -3.1525216512134664], "rotation": [[0.36829434913024395, 0.006259434624670766, -0.9296881691604496], [-0.0010191787260270537, 0.9999794526337458, 0.006328948177902417], [0.9297086821544983, -0.0013833974460122406, 0.3682931611339694]], "fy": 1498.4988611360905, "fx": 1498.4988611360905}, {"id": 71, "img_name": "frame_0082.jpg", "width": 1899, "height": 1067, "position": [3.161768526139935, 0.08306553184924893, -2.9476162452388426], "rotation": [[0.3008047161857837, 0.007063085417184147, -0.9536596015061023], [-0.0005116889724328381, 0.9999736258778437, 0.007244703107342732], [0.9536856195281462, -0.0016912637605091224, 0.3008003968283732]], "fy": 1501.5387173188356, "fx": 1501.5387173188353}, {"id": 72, "img_name": "frame_0083.jpg", "width": 1906, "height": 1072, "position": [3.219298204443481, 0.0820041019548154, -2.732566592572933], "rotation": [[0.2345817501258061, 0.009902625195490256, -0.9720459559723246], [-0.00021478733926287555, 0.9999486160271229, 0.010135046711307064], [0.9720963719582086, -0.0021687138306206674, 0.2345718233420377]], "fy": 1507.202963695283, "fx": 1507.2029636952832}, {"id": 73, "img_name": "frame_0084.jpg", "width": 1903, "height": 1070, "position": [3.2569525701959243, 0.07712911502847801, -2.4714096982799068], "rotation": [[0.18795712169287043, 0.011560052720064563, -0.9821092024749789], [-0.00040939523308623646, 0.9999315684707094, 0.011691482850783185], [0.9821771493984539, -0.0017954266390913702, 0.18794899213006971]], "fy": 1505.5757571735164, "fx": 1505.5757571735162}, {"id": 74, "img_name": "frame_0085.jpg", "width": 1897, "height": 1066, "position": [3.2864864735161357, 0.0759080105207307, -2.2007041828499085], "rotation": [[0.17532694441088117, 0.014398504022629589, -0.9844049703477994], [-0.0014135277003367644, 0.999895699291915, 0.01437332518843889], [0.9845092505928944, -0.0011285474923771208, 0.17532901037071216]], "fy": 1499.7127894279784, "fx": 1499.7127894279784}, {"id": 75, "img_name": "frame_0086.jpg", "width": 1891, "height": 1063, "position": [3.3309190161126105, 0.07177123486392642, -1.9380140479905907], "rotation": [[0.18090030032409057, 0.014157004826443878, -0.9833995426869979], [-0.0026888520170310136, 0.9998997761715502, 0.013899916795226269], [0.9834977638090913, 0.00012971672116501756, 0.1809202358944071]], "fy": 1496.277283024244, "fx": 1496.2772830242438}, {"id": 76, "img_name": "frame_0087.jpg", "width": 1884, "height": 1059, "position": [3.3814391756499442, 0.06773548500241705, -1.6764010677016252], "rotation": [[0.19941761344162157, 0.011470869789699618, -0.9798474547578899], [-0.003754402409104715, 0.9999330872327449, 0.010941915725428073], [0.9799074037437403, 0.0014967309242539337, 0.1994473361184398]], "fy": 1494.3419145541025, "fx": 1494.3419145541025}, {"id": 77, "img_name": "frame_0088.jpg", "width": 1882, "height": 1058, "position": [3.445344712902479, 0.06316050635068579, -1.4129297972548693], "rotation": [[0.22164599571472732, 0.011585427131386378, -0.9750583728484199], [-0.004080847780859997, 0.999931683333486, 0.01095332585338044], [0.9751186590692511, 0.0015513039818870794, 0.2216781319637533]], "fy": 1494.6140525838914, "fx": 1494.6140525838912}, {"id": 78, "img_name": "frame_0089.jpg", "width": 1879, "height": 1056, "position": [3.485440182531411, 0.05351322078518941, -1.1438034570380948], "rotation": [[0.23845324046140418, 0.011747132063944348, -0.9710829300331297], [-0.004055549278393544, 0.9999301661660032, 0.011100239244265429], [0.9711455115653402, 0.0012913866584642047, 0.23848422943035888]], "fy": 1487.6975807016845, "fx": 1487.6975807016845}, {"id": 79, "img_name": "frame_0090.jpg", "width": 1883, "height": 1059, "position": [3.542359403926058, 0.04664056587742731, -0.8937411847177139], "rotation": [[0.24577145332643555, 0.011680524469947369, -0.9692574261144034], [-0.0036347434967879924, 0.9999314699107759, 0.011128527386300078], [0.9693209898529609, 0.0007879277771687883, 0.24579706629716655]], "fy": 1486.2074738735776, "fx": 1486.2074738735776}, {"id": 80, "img_name": "frame_0091.jpg", "width": 1892, "height": 1064, "position": [3.603012868914049, 0.04520719738365623, -0.6422050527522665], "rotation": [[0.24677472688039917, 0.01168328846766546, -0.969002443208316], [-0.0037126772525391347, 0.9999313818733714, 0.011110696307081445], [0.9690657615459969, 0.0008557542819232781, 0.24680116994027013]], "fy": 1486.7829556251243, "fx": 1486.7829556251245}, {"id": 81, "img_name": "frame_0092.jpg", "width": 1892, "height": 1064, "position": [3.6706511346384816, 0.038781574067528, -0.3934120814997338], "rotation": [[0.23608895304529937, 0.010439679787656614, -0.9716753672579671], [-0.004264736597962666, 0.9999437896785789, 0.00970718831546658], [0.9717220890109085, 0.0018521795736718015, 0.2361202048938261]], "fy": 1486.9159914762754, "fx": 1486.9159914762752}, {"id": 82, "img_name": "frame_0093.jpg", "width": 1890, "height": 1062, "position": [3.730507468358106, 0.038282036792004905, -0.17011475631375808], "rotation": [[0.19695962806515646, 0.01061290791917184, -0.980354155954844], [-0.005722456010696628, 0.999936819787538, 0.009675222498210677], [0.980394899216454, 0.003704405307660008, 0.1970079160127219]], "fy": 1486.2572569383508, "fx": 1486.2572569383508}, {"id": 83, "img_name": "frame_0094.jpg", "width": 1894, "height": 1065, "position": [3.7813403876326674, 0.03582089064824406, 0.04090103528007272], "rotation": [[0.1247401045404177, 0.012527172953598538, -0.9921103649579693], [-0.006457672047952043, 0.9999093632241549, 0.011813712726586455], [0.9921684356957569, 0.004933079611747737, 0.12480969487414593]], "fy": 1487.0861812841047, "fx": 1487.0861812841044}, {"id": 84, "img_name": "frame_0095.jpg", "width": 1890, "height": 1062, "position": [3.829241908926384, 0.027831048792459866, 0.2510647497332164], "rotation": [[0.061369198913775166, 0.013539790053851322, -0.9980232940718261], [-0.0073979068035572, 0.9998866908259402, 0.01311016720247879], [0.9980877177881746, 0.006578722858480762, 0.0614624113254917]], "fy": 1486.2814671158287, "fx": 1486.2814671158285}, {"id": 85, "img_name": "frame_0096.jpg", "width": 1894, "height": 1065, "position": [3.825214043401118, 0.02460204970066773, 0.34696675248042036], "rotation": [[-0.0017155877306283221, 0.01426694165097716, -0.999896750237076], [-0.008144930801373384, 0.9998648551309451, 0.01428046134461385], [0.9999653578304496, 0.008168589223469644, -0.0015991526252546824]], "fy": 1482.145458522143, "fx": 1482.1454585221427}, {"id": 86, "img_name": "frame_0097.jpg", "width": 1908, "height": 1073, "position": [3.8518722270045216, 0.022941667893994704, 0.3592233730989559], "rotation": [[-0.1484790077563298, 0.01465490906576096, -0.9888069669535953], [-0.0058240445366161235, 0.9998598912435217, 0.015693259308648386], [0.9888984097271719, 0.008088975384264958, -0.14837285370411088]], "fy": 1494.2733077674704, "fx": 1494.2733077674704}, {"id": 87, "img_name": "frame_0098.jpg", "width": 1901, "height": 1069, "position": [3.7924417056776956, 0.019790913657971407, 0.519861516339708], "rotation": [[-0.1899824760961942, 0.012976885210273004, -0.9817017160148998], [-0.004714861192251069, 0.9998890541619414, 0.014129736412125359], [0.9817761602627644, 0.00731298963336706, -0.18990021411869304]], "fy": 1489.2046200601765, "fx": 1489.2046200601765}, {"id": 88, "img_name": "frame_0099.jpg", "width": 1894, "height": 1065, "position": [3.7407892655206374, 0.014935860161132544, 0.6965393553927736], "rotation": [[-0.18642534499604166, 0.014108916366025936, -0.9823678176844368], [-0.004433928352479184, 0.9998746151517673, 0.015201784581754736], [0.9824591243519861, 0.007189746454603263, -0.18633941215815453]], "fy": 1484.944849901675, "fx": 1484.9448499016753}, {"id": 89, "img_name": "frame_0100.jpg", "width": 1896, "height": 1066, "position": [3.6904894901014673, 0.010680296872077891, 0.8777386020106456], "rotation": [[-0.17082631000538803, 0.013470981874068443, -0.9852090663698194], [-0.004387663555076034, 0.9998862199697865, 0.014432446883984689], [0.9852913884828539, 0.00678820756018121, -0.17074776724645446]], "fy": 1482.1197587433494, "fx": 1482.1197587433492}, {"id": 90, "img_name": "frame_0101.jpg", "width": 1885, "height": 1060, "position": [3.690086049889118, 0.012675385516540199, 1.059195792978726], "rotation": [[-0.15156713038371708, 0.013562679899971907, -0.9883539136873879], [-0.005354354937473375, 0.9998799240427714, 0.01454195239386187], [0.9884324639905596, 0.007496079652237465, -0.15147631141336404]], "fy": 1486.2471719600223, "fx": 1486.2471719600223}, {"id": 91, "img_name": "frame_0102.jpg", "width": 1890, "height": 1063, "position": [3.665691733791534, 0.010190257708228529, 1.2484697082581226], "rotation": [[-0.14829986164235, 0.014169822638676872, -0.9888409210602316], [-0.0063389181909586385, 0.9998631843654011, 0.015278437971481866], [0.9889221249183512, 0.008533971939754999, -0.14818975055618144]], "fy": 1486.3893259259687, "fx": 1486.389325925969}, {"id": 92, "img_name": "frame_0103.jpg", "width": 1904, "height": 1070, "position": [3.6505667033590368, 0.007946653182657743, 1.4459760245132323], "rotation": [[-0.129492802180171, 0.014268000143114721, -0.991477704416717], [-0.008149924958498391, 0.9998473820709638, 0.015452873163626868], [0.9915468687392935, 0.010081504736713301, -0.1293567561264029]], "fy": 1489.1251984895484, "fx": 1489.1251984895484}, {"id": 93, "img_name": "frame_0104.jpg", "width": 1891, "height": 1063, "position": [3.6539883341390538, 0.006762075402797372, 1.5086639971818474], "rotation": [[-0.14405754068664123, 0.013643439346023281, -0.9894752556451956], [-0.009356971076635648, 0.9998414701150607, 0.015148654409711235], [0.9895250739943807, 0.011440769247093637, -0.14390704199394508]], "fy": 1483.952786623243, "fx": 1483.9527866232424}, {"id": 94, "img_name": "frame_0105.jpg", "width": 1900, "height": 1068, "position": [3.6406859608162745, 0.00219526130491747, 1.55942778398349], "rotation": [[-0.25325969405860344, 0.013613818263070248, -0.9673025335010981], [-0.007543272334283243, 0.9998427876904283, 0.01604677369205164], [0.967368919496504, 0.011360627435717561, -0.2531171857785113]], "fy": 1482.1706311674639, "fx": 1482.1706311674643}, {"id": 95, "img_name": "frame_0106.jpg", "width": 1899, "height": 1067, "position": [3.5773426052844783, 0.000255693961516236, 1.7355379216897926], "rotation": [[-0.31253352285907066, 0.014312886314827163, -0.9497988936478267], [-0.008314086015207044, 0.9998069593660289, 0.01780224640284163], [0.9498703453961642, 0.01346050848202186, -0.31235419262173336]], "fy": 1482.2923793178095, "fx": 1482.2923793178095}, {"id": 96, "img_name": "frame_0107.jpg", "width": 1899, "height": 1068, "position": [3.51124744386456, -0.0045082901754458626, 1.9086264026922581], "rotation": [[-0.37121390695787965, 0.015224710025882023, -0.9284225565364587], [-0.00813419526574088, 0.9997738879581639, 0.019647081829004827], [0.9285117501402147, 0.01484524037005196, -0.3710061302592046]], "fy": 1482.584903972914, "fx": 1482.5849039729